28.00,46.80,90.00
28.00,46.80,89.99
27.97,46.80,89.91
28.01,46.80,89.96
28.02,46.80,90.08
28.02,46.80,89.97
28.02,46.80,90.05
28.02,46.80,90.01
28.02,46.80,90.01
28.02,46.80,90.02
28.02,46.80,90.02
28.02,46.80,90.03
28.02,46.80,90.03
28.02,46.80,90.02
28.02,46.80,90.04
28.02,46.80,90.03
28.02,46.80,90.03
28.02,46.80,90.03
28.02,46.80,90.03
28.02,46.80,90.03
28.02,46.80,90.03
28.02,46.80,90.02
28.33,46.80,89.95
28.76,46.80,90.05
29.68,46.80,90.13
30.37,46.80,90.20
31.44,46.79,90.29
32.12,46.79,90.34
33.10,46.78,90.43
33.60,46.78,90.57
34.61,46.76,92.15
35.73,46.68,95.36
36.63,46.56,99.74
38.03,46.25,105.24
38.96,45.95,111.58
40.41,45.27,118.77
41.31,44.69,126.92
42.54,43.61,135.21
43.37,42.67,141.71
44.48,41.14,145.74
45.21,40.03,147.25
46.29,38.36,146.77
47.07,37.20,145.27
48.33,35.44,143.59
49.29,34.17,142.60
50.87,32.12,142.20
51.96,30.72,142.16
53.48,28.76,142.32
54.30,27.71,141.74
55.48,26.23,140.64
56.15,25.42,140.26
57.05,24.34,140.36
57.70,23.56,140.55
58.60,22.45,140.88
59.23,21.67,141.11
60.10,20.60,141.39
60.46,20.14,141.35
60.65,19.91,140.72
60.66,19.89,139.99
60.62,19.94,139.81
60.61,19.95,140.05
60.74,19.80,142.08
60.92,19.55,145.36
61.24,19.04,149.53
61.45,18.64,154.38
61.76,17.92,159.90
61.90,17.46,165.49
62.02,16.89,170.69
62.05,16.71,173.80
62.05,16.65,174.47
62.05,16.66,174.14
62.05,16.68,173.88
62.05,16.68,173.93
62.11,16.16,173.90
62.17,15.54,174.23
62.20,15.28,175.68
62.20,15.27,176.89
62.20,15.25,177.29
62.20,15.25,177.73
62.20,15.25,178.05
62.22,14.68,177.57
62.26,13.68,177.41
62.28,13.40,177.89
62.28,13.26,178.17
62.28,13.23,178.07
62.31,12.51,177.50
62.33,12.19,176.55
62.33,12.19,175.83
62.33,12.18,175.81
62.33,12.18,176.66
62.33,12.17,176.89
62.33,12.17,176.63
62.34,12.02,176.59
62.43,10.41,177.03
62.47,9.51,177.30
62.53,8.16,177.42
62.57,7.41,177.38
62.59,6.81,177.27
62.60,6.75,177.09
62.60,6.75,177.11
62.60,6.74,177.12
62.60,6.74,176.74
62.60,6.74,176.55
62.61,6.57,175.97
62.68,5.60,175.87
62.72,4.97,176.17
62.76,4.44,176.51
62.76,4.45,177.05
62.76,4.44,177.11
62.76,4.45,176.59
62.76,4.41,176.23
62.76,4.44,177.05
62.76,4.42,178.31
62.76,4.41,178.83
62.76,4.30,178.90
62.78,3.23,178.91
62.78,2.83,179.98
62.78,1.74,180.10
62.78,0.79,180.93
62.76,-0.01,181.47
62.72,-1.31,181.63
62.70,-2.20,181.78
62.65,-3.61,181.99
62.61,-4.64,182.21
62.55,-6.24,182.40
62.50,-7.31,182.59
62.43,-8.86,182.97
62.37,-9.93,183.20
62.27,-11.60,183.27
62.21,-12.64,183.38
62.18,-13.12,183.42
62.18,-13.12,183.20
62.19,-13.10,183.04
62.18,-13.18,182.95
62.20,-12.73,183.17
62.23,-12.30,183.39
62.27,-11.62,183.17
62.29,-11.23,183.00
62.33,-10.47,182.90
62.35,-9.98,182.68
62.39,-9.25,182.56
62.41,-8.76,182.43
62.44,-8.01,182.31
62.46,-7.48,182.24
62.49,-6.68,182.16
62.51,-6.15,182.03
62.54,-5.37,181.92
62.55,-4.85,181.78
62.58,-4.06,181.64
62.59,-3.52,181.52
62.61,-2.72,181.43
62.63,-2.19,181.24
62.64,-1.40,181.12
62.65,-0.88,181.04
62.67,-0.06,180.91
62.67,0.46,180.78
62.68,1.24,180.71
62.69,1.81,180.57
62.70,2.60,180.42
62.69,2.84,178.57
62.69,2.85,178.56
62.69,2.85,178.53
62.69,2.85,178.54
62.69,2.84,178.52
62.69,2.83,178.57
62.69,2.83,178.56
62.10,-17.00,178.59
62.10,-17.00,178.57
62.11,-17.15,179.34
62.11,-17.66,180.85
62.09,-18.23,182.43
62.03,-19.33,183.89
61.96,-20.20,185.25
61.81,-21.65,186.33
61.68,-22.76,187.16
61.46,-24.40,187.62
61.32,-25.47,187.97
61.12,-26.84,188.21
61.02,-27.58,188.33
60.89,-28.34,190.53
60.80,-28.76,196.10
60.66,-29.15,204.06
60.52,-29.41,211.02
60.33,-29.70,217.29
60.13,-29.93,224.17
59.87,-30.17,232.88
59.74,-30.25,243.23
59.54,-30.32,254.99
59.48,-30.34,267.52
59.45,-30.33,279.46
59.36,-30.31,287.12
59.45,-30.34,288.89
59.48,-30.35,288.52
59.21,-30.26,288.07
58.74,-30.11,288.48
57.53,-29.70,288.44
56.47,-29.35,288.63
54.54,-28.70,288.84
53.03,-28.17,288.95
50.54,-27.32,288.94
48.72,-26.70,288.77
45.89,-25.74,288.46
43.90,-25.09,288.17
40.71,-24.05,287.79
38.48,-23.34,287.47
35.11,-22.29,287.12
32.91,-21.63,286.20
29.48,-20.66,285.54
27.31,-20.06,285.33
24.27,-19.22,285.55
22.56,-18.75,285.49
20.50,-18.20,283.70
19.26,-17.95,278.07
17.86,-17.86,268.88
17.06,-17.96,256.20
16.27,-18.26,240.74
16.02,-18.46,223.13
15.97,-18.49,204.20
16.05,-18.20,184.87
15.95,-17.35,166.22
15.58,-16.43,150.33
14.58,-15.07,137.45
13.63,-14.20,128.94
12.28,-13.18,125.18
11.69,-12.78,124.34
11.54,-12.67,124.22
11.54,-12.67,124.33
11.55,-12.68,124.91
11.55,-12.68,125.28
11.55,-12.68,124.99
11.56,-12.68,125.07
11.56,-12.69,125.27
11.57,-12.69,125.06
11.64,-12.75,125.12
12.36,-13.26,125.54
12.54,-13.38,126.06
12.70,-13.50,126.60
12.87,-13.63,126.66
13.02,-13.74,126.73
13.06,-13.77,126.81
13.12,-13.82,126.73
13.17,-13.85,126.78
13.26,-13.92,126.85
13.31,-13.95,126.88
13.33,-13.97,126.88
13.33,-13.97,126.88
13.33,-13.97,126.86
13.32,-13.97,126.86
13.31,-13.95,126.84
13.31,-13.95,126.85
13.30,-13.95,126.83
13.30,-13.95,126.84
13.31,-13.95,126.82
13.31,-13.95,126.71
13.34,-13.98,126.62
13.34,-13.98,126.80
13.34,-13.98,126.78
13.33,-13.97,126.74
13.32,-13.97,126.77
13.33,-13.97,126.75
13.34,-13.98,126.79
13.34,-13.98,126.77
13.31,-13.96,126.78
13.31,-13.96,126.75
13.33,-13.97,126.70
13.33,-13.97,126.80
13.33,-13.97,126.77
13.33,-13.97,126.75
13.31,-13.96,126.77
13.31,-13.96,126.77
13.31,-13.96,126.78
13.31,-13.96,126.77
13.31,-13.96,126.74
13.31,-13.96,126.65
13.33,-13.97,126.69
13.34,-13.98,126.63
13.35,-13.99,126.62
13.37,-14.00,126.62
13.38,-14.01,126.66
13.39,-14.01,126.70
13.38,-14.00,126.73
13.36,-14.00,126.70
13.35,-13.99,126.72
13.35,-13.99,126.72
13.35,-13.99,126.68
13.36,-14.00,126.62
13.39,-14.01,126.63
13.40,-14.02,126.65
13.41,-14.03,126.64
13.42,-14.04,126.63
13.43,-14.05,126.57
13.45,-14.06,126.58
13.45,-14.06,126.70
13.44,-14.05,126.67
13.43,-14.05,126.65
13.42,-14.04,126.66
13.42,-14.04,126.66
13.42,-14.04,126.66
13.42,-14.04,126.63
13.42,-14.04,126.62
13.43,-14.04,126.60
13.43,-14.04,126.68
13.42,-14.04,126.67
13.42,-14.03,126.64
13.41,-14.03,126.66
13.41,-14.03,126.66
13.41,-14.03,126.67
13.42,-14.03,126.70
13.68,-14.24,127.43
14.30,-14.72,128.87
14.92,-15.24,130.03
16.26,-16.38,130.94
17.26,-17.26,131.78
18.98,-18.82,132.33
20.24,-19.97,132.64
22.21,-21.79,132.81
23.63,-23.10,132.84
25.72,-25.05,132.86
27.20,-26.42,132.80
29.39,-28.44,132.75
30.87,-29.81,132.51
33.06,-31.81,132.29
34.58,-33.18,132.53
36.85,-35.27,132.49
38.56,-36.83,132.35
40.67,-38.78,132.76
42.35,-40.33,132.76
44.60,-42.42,132.80
46.08,-43.78,132.48
48.31,-45.80,131.72
49.57,-46.90,131.20
51.05,-48.19,130.61
51.63,-48.68,129.90
52.11,-49.08,129.12
52.18,-49.14,128.26
52.09,-49.06,127.98
51.93,-48.94,128.02
51.75,-48.80,127.91
51.62,-48.70,127.87
51.48,-48.59,127.87
51.42,-48.54,127.89
51.32,-48.47,126.98
51.25,-48.42,122.45
51.15,-48.36,115.69
50.98,-48.29,106.97
50.86,-48.27,98.18
50.72,-48.25,92.12
50.60,-48.25,90.26
50.72,-48.25,90.34
51.36,-48.26,90.63
52.03,-48.27,90.74
53.37,-48.28,90.89
54.43,-48.30,91.10
55.88,-48.33,90.75
56.88,-48.34,90.53
58.30,-48.35,89.91
58.40,-48.35,87.61
58.13,-48.37,85.83
57.90,-48.39,85.00
57.93,-48.38,85.04
58.10,-48.37,85.45
58.06,-48.37,85.37
58.06,-48.37,85.31
58.06,-48.37,85.32
58.06,-48.37,85.35
58.06,-48.37,85.33
58.07,-48.37,85.30
58.07,-48.37,85.33
58.07,-48.37,85.33
58.07,-48.37,85.36
58.07,-48.37,85.32
58.07,-48.37,85.33
58.07,-48.37,85.29
58.07,-48.37,85.32
58.07,-48.37,85.31
58.07,-48.37,85.33
58.07,-48.37,85.31
58.07,-48.37,85.32
58.06,-48.37,85.34
58.06,-48.37,85.32
58.06,-48.37,85.34
58.06,-48.37,85.32
58.06,-48.37,85.33
58.00,-48.38,85.37
57.17,-48.44,85.51
56.47,-48.50,85.53
55.07,-48.61,85.46
53.87,-48.70,85.52
52.19,-48.84,85.39
51.12,-48.92,85.65
49.98,-48.99,87.46
49.56,-49.01,89.27
49.23,-49.01,89.67
49.19,-49.01,89.49
49.22,-48.11,89.56
49.28,-48.10,89.71
49.33,-48.11,93.14
49.33,-48.10,100.78
49.18,-48.06,111.91
49.17,-48.06,129.45
49.22,-48.11,145.71
49.21,-48.11,162.40
49.23,-48.22,176.13
49.23,-48.17,182.85
49.25,-47.89,184.45
49.25,-47.87,183.30
49.26,-47.75,182.23
49.26,-47.75,181.47
49.25,-48.23,181.36
49.23,-48.82,181.52
49.19,-50.04,181.79
49.16,-51.12,181.97
49.10,-52.70,182.21
49.06,-53.77,182.35
48.99,-55.31,182.60
48.95,-56.12,182.76
48.91,-57.01,182.77
48.88,-57.47,185.41
48.79,-58.10,191.66
48.63,-58.65,200.11
48.18,-59.59,210.14
47.58,-60.46,220.83
47.32,-60.70,231.75
46.57,-61.20,241.05
46.06,-61.43,249.42
45.09,-61.73,255.94
44.43,-61.86,261.45
43.80,-61.93,265.63
43.56,-61.95,268.34
43.48,-61.95,269.49
43.51,-61.95,269.44
43.55,-61.95,269.25
43.56,-61.95,269.22
43.56,-61.95,269.24
43.56,-61.95,269.31
43.56,-61.95,269.28
43.54,-61.95,269.49
42.96,-61.95,269.73
42.40,-61.95,270.39
41.05,-61.94,270.88
39.95,-61.91,271.75
38.03,-61.83,272.80
36.56,-61.75,273.77
34.18,-61.58,274.55
32.44,-61.42,275.27
29.55,-61.14,275.81
27.48,-60.93,276.01
24.21,-60.58,276.07
21.96,-60.34,276.09
18.46,-59.98,275.91
16.05,-59.73,275.58
12.33,-59.38,275.15
9.71,-59.16,274.72
5.78,-58.85,274.27
3.13,-58.67,273.43
-0.96,-58.47,272.06
-3.59,-58.42,270.21
-7.68,-58.46,268.68
-10.42,-58.54,268.43
-14.55,-58.61,269.71
-17.37,-58.59,271.22
-21.54,-58.44,272.68
-24.28,-58.28,273.94
-28.59,-57.95,274.71
-31.41,-57.71,274.91
-35.47,-57.37,274.43
-37.43,-57.25,272.27
-40.12,-57.23,268.66
-41.73,-57.32,265.06
-43.71,-57.52,263.08
-44.77,-57.66,262.49
-46.33,-57.87,262.20
-47.46,-58.02,262.09
-48.85,-58.22,262.20
-49.58,-58.32,262.29
-50.37,-58.42,262.14
-50.63,-58.46,262.03
-50.77,-58.48,262.01
-50.75,-58.48,263.23
-50.76,-58.48,264.98
-50.76,-58.48,266.15
-50.76,-58.48,266.66
-50.76,-58.48,266.67
-50.77,-58.48,266.76
-50.78,-55.40,266.78
-50.71,-55.40,265.77
-50.25,-55.35,262.97
-49.69,-55.27,260.12
-48.50,-55.03,257.91
-47.46,-54.80,256.22
-45.57,-54.32,255.47
-44.10,-53.93,255.28
-41.58,-53.26,255.01
-39.79,-52.78,254.70
-36.94,-51.99,254.24
-35.00,-51.43,253.62
-31.90,-50.49,252.81
-29.92,-49.86,251.71
-27.73,-49.09,247.27
-27.61,-49.03,242.10
-28.12,-49.31,240.27
-28.49,-49.53,236.96
-28.82,-49.76,233.81
-28.86,-49.79,230.93
-28.86,-49.80,226.27
-28.95,-49.89,222.47
-29.17,-50.14,218.71
-29.34,-50.37,215.05
-29.48,-50.58,211.47
-29.53,-50.66,209.52
-29.55,-50.70,209.66
-29.51,-50.63,210.89
-29.40,-50.46,215.24
-29.33,-50.37,223.93
-29.26,-50.31,235.67
-29.27,-50.31,244.05
-29.06,-50.21,246.00
-28.72,-50.07,246.24
-28.30,-49.88,245.40
-27.93,-49.70,244.29
-27.92,-49.70,245.88
-27.81,-49.65,247.98
-27.74,-49.63,249.61
-27.70,-49.61,251.22
-27.55,-49.56,252.87
-27.65,-49.59,253.70
-27.55,-49.56,253.63
-27.57,-49.57,254.19
-27.53,-49.56,254.78
-27.52,-49.56,254.96
-27.52,-49.56,255.11
-27.52,-49.56,255.19
-27.52,-49.55,255.24
-27.52,-49.55,255.34
-27.51,-49.55,255.53
-27.51,-49.55,255.53
-27.51,-49.55,255.53
-27.51,-49.55,255.55
-27.50,-49.55,255.57
-27.49,-49.55,255.64
-27.50,-49.55,255.73
-27.49,-49.55,255.74
-27.48,-49.55,255.85
-27.49,-49.55,255.98
-27.49,-49.55,255.91
-27.49,-49.55,255.98
-27.49,-49.55,255.94
-27.49,-49.55,255.95
-27.49,-49.55,255.94
-27.49,-49.55,255.94
-27.49,-49.55,255.95
-27.49,-49.55,255.94
-27.49,-49.55,255.95
-27.49,-49.55,255.94
-27.49,-49.55,255.94
-27.49,-49.55,255.93
-27.49,-49.55,255.93
-27.49,-49.55,255.93
-27.49,-49.55,255.92
-27.49,-49.55,255.92
-27.49,-49.55,255.92
-27.49,-49.55,255.91
-27.49,-49.55,255.91
-27.49,-49.55,255.92
-27.49,-49.55,255.91
-27.49,-49.55,255.92
-27.49,-49.55,255.91
-27.49,-49.55,255.92
-27.49,-49.55,255.91
-27.49,-49.55,255.92
-27.49,-49.55,255.93
-27.49,-49.55,255.93
-27.49,-49.55,255.92
-27.49,-49.55,255.90
-27.53,-49.56,255.73
-27.55,-49.56,255.69
-27.73,-49.61,256.67
-28.44,-49.76,258.96
-29.27,-49.90,262.37
-30.89,-50.06,266.03
-32.26,-50.11,269.68
-34.68,-50.04,273.40
-36.48,-49.87,277.02
-39.36,-49.47,279.18
-41.28,-49.11,282.14
-44.03,-48.45,284.80
-45.67,-47.99,286.64
-47.66,-47.36,288.07
-48.62,-47.04,288.82
-49.58,-46.71,289.06
-49.99,-46.57,286.99
-50.36,-46.48,282.10
-50.56,-46.44,276.69
-50.98,-46.41,272.17
-51.40,-46.41,269.53
-52.27,-46.43,268.08
-52.92,-46.46,267.15
-54.03,-46.52,266.83
-54.78,-46.56,266.88
-54.84,-46.56,266.74
-54.85,-46.56,266.77
-54.82,-46.56,267.20
-54.86,-46.56,267.12
-54.86,-46.56,267.15
-54.86,-46.56,267.19
-54.86,-46.56,267.18
-54.86,-46.56,267.23
-54.86,-46.56,267.23
-54.86,-46.56,267.27
-54.86,-46.56,267.27
-54.86,-46.56,267.29
-54.86,-46.56,267.30
-54.86,-46.56,267.30
-54.86,-46.56,267.30
-54.87,-46.56,267.30
-54.87,-46.56,267.32
-54.87,-46.56,267.31
-54.87,-46.56,267.34
-54.87,-46.56,267.31
-54.86,-46.56,267.34
-54.87,-46.56,267.34
-54.87,-46.56,267.34
-54.87,-46.56,267.34
-54.87,-46.56,267.34
-54.87,-46.56,267.34
-54.87,-46.56,267.31
-54.87,-46.56,267.30
-54.86,-46.56,267.31
-54.87,-46.56,267.32
-54.87,-46.56,267.33
-54.87,-46.56,267.33
-54.87,-46.56,267.33
-54.86,-46.56,267.34
-54.86,-46.56,267.34
-54.86,-46.56,267.35
-54.86,-46.56,267.40
-54.56,-46.55,267.94
-53.93,-46.53,268.71
-52.82,-46.51,269.23
-52.00,-46.50,269.74
-50.23,-46.51,270.47
-48.89,-46.53,271.05
-46.81,-46.57,271.28
-45.18,-46.61,271.32
-42.51,-46.67,271.24
-40.71,-46.71,271.25
-37.90,-46.77,271.41
-36.05,-46.82,271.62
-33.33,-46.90,271.76
-31.60,-46.95,271.78
-29.25,-47.03,271.74
-27.74,-47.07,271.53
-27.20,-47.08,271.77
-27.44,-47.08,270.40
-26.91,-47.08,270.10
-26.88,-47.08,270.38
-26.96,-47.08,270.42
-26.96,-47.08,270.40
-27.06,-47.08,270.41
-27.13,-47.08,270.58
-27.17,-47.08,270.40
-27.17,-47.08,270.47
-27.17,-47.08,270.45
-27.18,-47.08,270.46
-27.18,-47.08,270.44
-27.19,-47.08,270.45
-27.19,-47.08,270.44
-27.20,-47.08,270.42
-27.20,-47.08,270.41
-27.20,-47.08,270.49
-27.20,-47.08,270.50
-27.21,-47.08,270.46
-27.21,-47.08,270.45
-27.21,-47.08,270.45
-27.21,-47.08,270.46
-27.21,-47.08,270.44
-27.21,-47.08,270.43
-27.21,-47.08,270.43
-27.21,-47.08,270.43
-27.21,-47.08,270.42
-27.21,-47.08,270.41
-27.21,-47.08,270.42
-27.21,-47.08,270.41
-27.21,-47.08,270.42
-27.21,-47.08,270.41
-27.21,-47.08,270.42
-27.21,-47.08,270.42
-27.21,-47.08,270.40
-27.21,-47.08,270.40
-27.21,-47.08,270.40
-27.21,-47.08,270.40
-27.21,-47.08,270.41
-27.21,-47.08,270.40
-27.21,-47.08,270.40
-28.00,-46.80,270.01
-28.14,-46.80,269.98
-28.56,-46.80,269.91
-29.22,-46.80,270.19
-29.80,-46.80,270.33
-30.82,-46.79,270.49
-31.46,-46.78,270.63
-32.46,-46.77,270.71
-33.04,-46.76,270.87
-33.80,-46.75,271.20
-34.47,-46.73,273.26
-35.61,-46.63,276.76