62.50,-17.00,180.00
62.50,-17.00,179.98
62.50,-17.00,179.96
62.50,-17.03,180.23
62.50,-17.03,179.85
62.50,-17.02,179.99
62.50,-17.01,180.04
62.50,-17.01,180.01
62.50,-17.01,180.02
62.50,-17.01,180.02
62.50,-17.01,180.01
62.50,-17.01,180.00
62.50,-17.01,180.02
62.50,-17.01,180.00
62.50,-17.01,180.02
62.50,-17.01,180.00
62.50,-17.01,180.01
62.50,-17.01,180.01
62.50,-17.01,180.01
62.50,-17.01,180.01
62.50,-17.01,180.00
62.50,-17.01,180.01
62.49,-17.13,180.99
62.48,-17.58,182.53
62.45,-18.05,184.20
62.36,-19.06,185.81
62.26,-19.92,187.22
62.08,-21.31,188.24
61.92,-22.36,188.85
61.65,-24.01,189.21
61.47,-25.10,189.44
61.21,-26.67,189.68
61.07,-27.51,189.81
60.89,-28.46,191.24
60.78,-28.93,196.40
60.59,-29.46,203.98
60.47,-29.70,210.38
60.26,-30.01,216.30
60.08,-30.24,223.41
59.77,-30.52,232.24
59.61,-30.63,242.66
59.37,-30.72,254.51
59.27,-30.74,267.35
59.18,-30.73,280.16
59.04,-30.70,289.45
59.16,-30.74,292.47
59.23,-30.78,291.95
59.17,-30.75,290.52
58.46,-30.49,289.90
57.80,-30.26,289.20
56.38,-29.77,288.91
55.18,-29.36,288.87
53.23,-28.69,288.92
51.61,-28.13,288.87
49.05,-27.27,288.27
47.11,-26.64,287.96
43.97,-25.62,288.20
41.78,-24.89,288.47
38.20,-23.69,288.56
35.79,-22.88,288.71
32.01,-21.61,288.26
29.55,-20.82,287.55
25.95,-19.71,286.97
23.93,-19.10,285.60
21.10,-18.42,281.16
19.54,-18.21,273.22
17.87,-18.25,262.66
16.89,-18.49,249.61
16.20,-18.84,234.15
15.93,-19.10,216.43
15.95,-19.02,197.46
16.00,-18.68,177.92
15.75,-17.60,159.01
15.18,-16.61,142.98
14.00,-15.36,130.52
13.12,-14.70,125.10
12.39,-14.17,129.30
12.31,-14.09,139.33
12.29,-14.06,146.69
12.19,-13.90,149.48
12.14,-13.81,149.78
12.14,-13.81,149.30
12.10,-13.74,148.90
12.09,-13.73,148.62
12.09,-13.73,148.70
12.09,-13.73,148.64
12.08,-13.72,148.70
12.08,-13.72,148.70
12.08,-13.72,148.72
12.08,-13.72,148.74
12.09,-13.72,148.74
12.13,-13.79,147.31
12.45,-14.25,142.44
12.67,-14.52,137.43
12.78,-14.63,134.53
12.87,-14.71,133.22
12.94,-14.78,133.10
12.95,-14.79,133.24
12.96,-14.80,133.32
12.96,-14.80,133.27
12.96,-14.80,133.28
12.96,-14.80,133.27
12.95,-14.79,133.27
12.94,-14.78,133.28
12.95,-14.79,133.37
13.00,-14.83,133.64
13.01,-14.85,133.92
13.03,-14.87,133.80
12.99,-14.82,133.76
12.99,-14.82,133.87
13.02,-14.86,133.93
13.02,-14.86,133.80
13.01,-14.85,133.77
13.01,-14.85,133.84
13.01,-14.85,133.91
13.04,-14.87,133.89
13.03,-14.86,133.79
13.01,-14.85,133.78
13.05,-14.89,133.83
13.05,-14.89,133.94
13.05,-14.89,133.87
13.06,-14.89,133.88
13.03,-14.87,133.89
12.99,-14.83,133.82
12.99,-14.82,133.82
13.00,-14.83,133.86
13.01,-14.85,133.94
13.02,-14.85,133.97
13.02,-14.86,133.84
13.02,-14.85,133.87
13.02,-14.85,133.83
13.11,-14.94,133.82
13.20,-15.03,133.84
13.36,-15.18,133.88
13.45,-15.27,133.95
13.52,-15.34,134.08
13.53,-15.34,134.07
13.50,-15.32,134.06
13.49,-15.31,134.05
13.48,-15.30,134.04
13.48,-15.30,134.07
13.50,-15.32,134.13
13.50,-15.32,134.13
13.50,-15.32,134.11
13.49,-15.31,134.09
13.49,-15.31,134.09
13.49,-15.31,134.09
13.49,-15.31,134.10
13.49,-15.31,134.10
13.49,-15.31,134.11
13.49,-15.31,134.11
13.49,-15.31,134.12
13.49,-15.31,134.12
13.49,-15.31,134.12
13.49,-15.31,134.13
13.49,-15.31,134.12
13.49,-15.31,134.12
13.49,-15.31,134.12
13.49,-15.31,134.12
13.55,-15.37,133.88
13.87,-15.67,135.06
14.62,-16.43,135.23
15.25,-17.06,134.82
16.62,-18.41,134.27
17.69,-19.44,133.76
19.52,-21.19,133.49
20.88,-22.46,133.00
23.26,-24.63,131.56
24.93,-26.09,130.90
27.46,-28.27,130.62
29.23,-29.78,130.47
32.10,-32.22,130.27
35.09,-34.74,129.89
37.20,-36.49,129.55
40.41,-39.13,129.30
42.54,-40.87,129.23
45.71,-43.45,129.10
47.49,-44.89,128.83
49.77,-46.72,128.38
50.76,-47.49,127.85
51.35,-47.95,127.00
51.42,-48.00,126.30
51.42,-48.00,125.84
51.42,-48.00,125.35
51.50,-48.05,125.10
51.06,-47.75,125.29
50.46,-47.32,125.77
49.95,-46.95,125.86
49.48,-46.63,121.97
49.08,-46.41,115.07
48.62,-46.23,106.82
48.41,-46.19,98.28
48.07,-46.16,91.48
47.87,-46.16,89.18
48.06,-46.15,89.01
48.47,-46.15,89.20
49.38,-46.13,89.38
50.31,-46.12,89.37
51.79,-46.11,89.52
52.90,-46.10,89.73
54.72,-46.10,89.87
55.89,-46.09,89.70
57.62,-46.09,89.86
58.23,-46.09,90.94
57.75,-46.07,92.01
57.83,-46.08,92.88
57.52,-46.06,93.67
57.62,-46.07,93.54
57.82,-46.08,93.67
57.84,-46.08,94.20
57.86,-46.08,94.33
57.87,-46.08,94.38
57.87,-46.08,94.44
57.88,-46.08,94.49
57.88,-46.08,94.48
57.88,-46.08,94.49
57.88,-46.08,94.49
57.88,-46.08,94.53
57.88,-46.08,94.50
57.88,-46.08,94.51
57.88,-46.08,94.53
57.88,-46.08,94.56
57.88,-46.08,94.57
57.89,-46.08,94.58
57.89,-46.08,94.63
57.89,-46.08,94.66
57.89,-46.08,94.66
57.89,-46.08,94.69
57.86,-46.08,94.66
57.35,-46.04,94.86
56.31,-45.95,94.59
55.46,-45.89,93.82
53.81,-45.79,93.52
52.61,-45.71,93.31
50.95,-45.62,92.92
50.03,-45.59,91.27
49.10,-45.58,90.03
48.70,-45.58,90.10
48.54,-45.58,90.29
48.47,-41.18,90.15
48.47,-41.18,90.27
48.55,-41.18,93.72
48.64,-41.19,101.51
48.71,-41.21,113.19
48.67,-41.18,128.41
48.67,-41.19,145.60
48.67,-41.19,162.91
48.67,-41.20,176.75
48.67,-41.18,183.70
48.68,-41.05,184.48
48.68,-40.99,183.18
48.69,-40.88,182.18
48.69,-40.83,181.61
48.68,-41.31,181.48
48.66,-41.92,181.77
48.62,-43.17,181.90
48.58,-44.33,181.93
48.52,-46.18,182.14
48.47,-47.44,182.26
48.39,-49.30,182.38
48.34,-50.43,182.64
48.28,-51.72,182.65
48.24,-52.55,184.16
48.12,-53.55,190.27
47.95,-54.22,199.29
47.42,-55.34,210.89
46.89,-56.03,223.90
45.75,-56.97,237.55
44.89,-57.39,250.58
43.66,-57.70,261.36
43.18,-57.74,267.63
42.84,-57.75,269.91
42.83,-57.75,270.14
42.86,-57.75,269.61
42.88,-57.75,269.34
42.87,-57.75,269.49
42.86,-57.75,269.47
42.86,-57.75,269.45
42.86,-57.75,269.44
42.86,-57.75,269.44
42.86,-57.75,269.41
42.53,-57.76,269.34
41.92,-57.76,270.10
40.67,-57.75,270.90
39.50,-57.73,270.92
37.49,-57.69,271.41
36.01,-57.64,272.22
33.43,-57.53,272.64
31.63,-57.44,272.90
28.62,-57.29,272.84
26.44,-57.18,272.93
23.04,-57.02,272.52
20.70,-56.93,271.89
16.93,-56.83,271.02
14.32,-56.80,270.36
10.23,-56.80,269.77
7.42,-56.83,269.01
3.15,-56.91,268.79
0.27,-56.98,268.65
-4.13,-57.08,268.53
-8.58,-57.20,268.64
-11.55,-57.26,269.00
-16.18,-57.32,269.33
-19.21,-57.36,269.51
-23.86,-57.39,269.64
-26.92,-57.41,269.57
-31.65,-57.45,269.44
-34.80,-57.48,269.48
-39.05,-57.52,269.55
-41.35,-57.54,269.06
-44.52,-57.62,268.08
-46.49,-57.70,267.18
-48.87,-57.83,266.39
-50.11,-57.92,265.92
-51.48,-58.02,265.62
-52.04,-58.06,267.07
-52.83,-58.08,269.11
-53.00,-58.08,269.72
-53.12,-58.08,269.67
-53.15,-60.19,269.56
-53.15,-60.19,269.60
-53.06,-60.18,266.91
-52.84,-60.16,259.32
-52.67,-60.11,248.72
-52.43,-59.98,237.61
-52.18,-59.79,229.80
-51.89,-59.52,223.24
-51.76,-59.37,220.68
-51.72,-59.33,220.69
-51.70,-59.31,221.05
-51.70,-59.31,221.06
-51.65,-59.24,221.91
-51.32,-58.88,223.03
-50.93,-58.48,223.85
-50.07,-57.60,224.71
-49.34,-56.87,225.77
-48.14,-55.73,227.17
-47.25,-54.92,228.75
-45.91,-53.78,230.38
-44.98,-53.04,232.02
-43.59,-51.99,234.07
-42.72,-51.39,236.71
-41.41,-50.57,239.36
-40.57,-50.09,241.75
-39.20,-49.39,244.05
-38.31,-48.98,246.37
-37.21,-48.55,251.33
-36.66,-48.40,258.77
-36.01,-48.31,266.75
-35.74,-48.31,270.37
-35.09,-48.31,269.65
-34.36,-48.30,269.03
-33.22,-48.28,268.51
-32.22,-48.25,268.16
-30.38,-48.19,267.98
-29.18,-48.14,267.77
-28.29,-48.11,269.78
-28.53,-48.11,270.89
-28.38,-48.11,271.39
-28.44,-48.11,272.06
-28.40,-48.11,271.48
-28.41,-48.11,271.44
-28.45,-48.11,271.34
-28.45,-48.11,271.00
-28.43,-48.11,271.18
-28.43,-48.11,271.09
-28.42,-48.11,271.17
-28.43,-48.11,271.05
-28.44,-48.11,271.06
-28.43,-48.11,271.08
-28.43,-48.11,271.04
-28.43,-48.11,271.02
-28.43,-48.11,271.01
-28.43,-48.11,271.01
-28.43,-48.11,270.99
-28.43,-48.11,271.03
-28.43,-48.11,271.01
-28.43,-48.11,270.97
-28.43,-48.11,270.99
-28.43,-48.11,270.95
-28.43,-48.11,270.95
-28.43,-48.11,270.94
-28.43,-48.11,270.94
-28.43,-48.11,270.93
-28.43,-48.11,270.93
-28.43,-48.11,270.93
-28.43,-48.11,270.91
-28.43,-48.11,270.93
-28.43,-48.11,270.92
-28.43,-48.11,270.93
-28.43,-48.11,270.92
-28.43,-48.11,270.92
-28.43,-48.11,270.92
-28.43,-48.11,270.93
-28.43,-48.11,270.93
-28.43,-48.11,270.94
-28.43,-48.11,270.93
-28.43,-48.11,270.93
-28.43,-48.11,270.93
-28.43,-48.11,270.93
-28.43,-48.11,270.95
-28.43,-48.11,270.96
-28.43,-48.11,270.96
-28.43,-48.11,270.97
-28.43,-48.11,270.98
-28.43,-48.11,270.98
-28.43,-48.11,271.00
-28.43,-48.11,271.00
-28.43,-48.11,271.00
-28.05,-46.80,270.00
-28.06,-46.80,270.00
-28.50,-46.80,269.91
-29.06,-46.80,270.73
-30.43,-46.77,271.06
-31.65,-46.76,270.51
-33.84,-46.74,270.33
-35.55,-46.73,270.22
-38.19,-46.73,270.21
-40.17,-46.72,270.42
-43.09,-46.69,270.80
-44.96,-46.65,271.25
-47.79,-46.58,271.59
-49.58,-46.53,271.78
-51.78,-46.47,271.38
-52.60,-46.45,270.47
-52.90,-46.45,269.84
-53.62,-46.46,269.40
-54.26,-46.46,269.43
-54.63,-46.47,269.36
-54.53,-46.46,269.12
-54.49,-46.46,269.03
-54.56,-46.46,269.21
-54.66,-46.47,269.12
-54.65,-46.47,269.10
-54.64,-46.47,269.10
-54.64,-46.47,269.13
-54.65,-46.47,269.06
-54.65,-46.47,269.09
-54.65,-46.47,269.07
-54.65,-46.47,269.10
-54.65,-46.47,269.07
-54.65,-46.47,269.06
-54.65,-46.47,269.06
-54.65,-46.47,269.05
-54.65,-46.47,269.06
-54.65,-46.47,269.05
-54.65,-46.47,269.06
-54.65,-46.47,269.06
-54.65,-46.47,269.06
-54.65,-46.47,269.08
-54.65,-46.47,269.07
-54.65,-46.47,269.07
-54.65,-46.47,269.07
-54.65,-46.47,269.10
-54.65,-46.47,269.09
-54.65,-46.47,269.09
-54.65,-46.47,269.09
-54.65,-46.47,269.10
-54.64,-46.47,269.11
-54.64,-46.47,269.10
-54.64,-46.47,269.11
-54.64,-46.47,269.11
-54.64,-46.47,269.11
-54.64,-46.47,269.11
-54.64,-46.47,269.12
-54.64,-46.47,269.13
-54.64,-46.47,269.12
-54.60,-46.46,269.51
-53.90,-46.46,269.97
-53.17,-46.46,270.13
-51.95,-46.47,270.39
-50.81,-46.48,270.92
-48.71,-46.52,271.46
-47.23,-46.57,271.67
-44.70,-46.64,271.66
-42.82,-46.69,271.67
-39.96,-46.77,271.52
-38.04,-46.82,271.47
-35.14,-46.90,271.55
-33.24,-46.95,271.55
-30.45,-47.03,271.42
-28.77,-47.06,271.28
-26.95,-47.10,270.30
-27.25,-47.10,269.87
-27.13,-47.10,270.06
-27.00,-47.10,269.63
-27.11,-47.10,269.68
-27.15,-47.10,269.78
-27.15,-47.10,269.78
-27.15,-47.10,269.86
-27.18,-47.10,269.83
-27.19,-47.10,269.89
-27.19,-47.10,269.87
-27.19,-47.10,269.87
-27.19,-47.10,269.90
-27.20,-47.10,269.92
-27.20,-47.10,269.92
-27.20,-47.10,269.94
-27.20,-47.10,269.93
-27.21,-47.10,269.93
-27.21,-47.10,269.97
-27.21,-47.10,269.93
-27.22,-47.10,269.94
-27.22,-47.10,269.94
-27.22,-47.10,269.94
-27.22,-47.10,269.95
-27.22,-47.10,269.94
-27.22,-47.10,269.93
-27.22,-47.10,269.92
-27.22,-47.10,269.91
-27.22,-47.10,269.94
-27.22,-47.10,269.92
-27.22,-47.10,269.93
-27.22,-47.10,269.93
-27.22,-47.10,269.93
-27.22,-47.10,269.94
-27.22,-47.10,269.93
-27.22,-47.10,269.93
-27.22,-47.10,269.93
-27.22,-47.10,269.93
-27.22,-47.10,269.94
-27.22,-47.10,269.94
-27.22,-47.10,269.94
-27.22,-47.10,269.95
-27.22,-47.10,269.94
-28.00,-46.80,270.00
-28.00,-46.80,269.96
-28.53,-46.80,269.73
-28.80,-46.80,269.86
-29.51,-46.80,270.13
-30.18,-46.80,270.10
-31.23,-46.80,270.20
-31.89,-46.80,270.28
-32.88,-46.79,270.23
-33.45,-46.79,270.40
-34.49,-46.77,271.33
-35.24,-46.74,274.06
-36.57,-46.60,277.93
-37.62,-46.41,282.89
-39.15,-45.97,288.77
-40.17,-45.56,295.42
-41.65,-44.74,302.95
-42.54,-44.06,311.38
-43.77,-42.75,320.66
-44.50,-41.77,325.26
-45.49,-40.29,326.74
-46.17,-39.26,326.17
-47.26,-37.68,324.56
-48.06,-36.61,322.63
-49.41,-34.88,321.27
-50.43,-33.63,320.68
-52.05,-31.65,320.58
-53.18,-30.27,320.73
-54.91,-28.15,320.95
-56.40,-26.32,320.84
-57.23,-25.31,319.82
-58.43,-23.93,318.52
-59.15,-23.12,317.83
-60.24,-21.93,317.36
-60.76,-21.37,317.07
-61.01,-21.10,315.75
-61.06,-21.06,313.89
-60.98,-21.13,312.83
-60.92,-21.18,312.71
-60.91,-21.19,312.59
-60.86,-21.24,312.68
-60.56,-21.52,312.50
-60.39,-21.67,312.78
-60.42,-21.63,315.05
-60.65,-21.39,318.41
-61.14,-20.81,321.94
-61.50,-20.30,326.66
-61.91,-19.59,333.60
-62.15,-19.03,340.72
-62.31,-18.47,346.81
-62.35,-18.31,350.20
-62.35,-18.28,350.82
-62.34,-18.36,350.54
-62.33,-18.42,350.18
-62.36,-18.24,349.98
-62.54,-17.22,349.97
-62.68,-16.41,350.26
-62.89,-15.15,352.06
-62.89,-15.16,356.15
-62.89,-15.15,359.17
-62.89,-15.16,361.11
-62.89,-15.16,363.21
-62.89,-15.17,363.46
-62.89,-15.24,361.67
-62.89,-15.24,359.60
-62.91,-14.17,358.70
-62.92,-13.61,359.65
-62.92,-13.18,360.84
-62.92,-13.16,361.31
-62.92,-13.13,361.32
-62.92,-13.10,361.32
-62.90,-12.66,361.38
-62.89,-12.10,361.34
-62.89,-11.85,361.59
-62.89,-11.84,361.09
-62.88,-11.82,361.23
-62.88,-11.81,361.34
-62.88,-11.70,360.99
-62.87,-10.70,360.74
-62.85,-9.40,360.56
-62.85,-8.84,360.58
-62.84,-7.93,360.60