-47.00,16.30,90.00
-47.00,16.30,89.97
-46.67,16.30,89.86
-45.79,16.30,90.83
-44.36,16.27,91.06
-43.24,16.25,90.97
-41.46,16.22,90.89
-40.34,16.21,90.82
-38.75,16.18,90.95
-37.86,16.17,91.10
-36.84,16.15,91.06
-36.37,16.14,90.90
-35.97,16.14,88.62
-35.82,16.15,82.84
-35.76,16.16,74.47
-35.76,16.16,66.32
-35.86,16.11,61.62
-35.91,16.08,61.13
-35.95,16.05,62.03
-35.98,16.04,62.53
-36.00,16.03,62.54
-36.01,16.03,62.41
-35.93,16.07,62.50
-35.43,16.32,62.63
-34.53,16.79,62.97
-33.60,17.26,62.58
-31.87,18.18,61.71
-30.54,18.90,61.45
-28.41,20.06,61.35
-26.94,20.87,61.65
-24.80,22.01,61.99
-23.47,22.71,62.33
-21.83,23.57,62.61
-21.07,23.96,62.60
-20.15,24.44,62.44
-19.96,24.54,62.27
-19.97,24.53,62.07
-20.05,24.49,62.18
-20.21,24.41,62.32
-20.30,24.36,62.34
-20.42,24.29,62.30
-20.50,24.26,62.25
-20.56,24.22,62.21
-20.57,24.21,62.21
-20.58,24.21,62.21
-20.58,24.21,62.23
-20.56,24.22,62.22
-20.55,24.23,61.94
-20.58,24.21,58.53
-20.69,24.13,51.91
-20.80,24.03,42.74
-20.88,23.93,31.55
-20.99,23.70,18.85
-21.02,23.55,4.89
-21.00,23.27,-9.98
-20.94,23.08,-25.31
-20.72,22.74,-38.63
-20.48,22.48,-46.43
-20.24,22.26,-48.42
-20.07,22.11,-47.32
-19.99,22.04,-45.58
-19.94,21.98,-44.40
-19.90,21.94,-43.98
-19.88,21.92,-43.49
-19.50,21.51,-41.80
-19.13,21.08,-39.58
-18.41,20.17,-37.55
-17.38,18.79,-35.76
-16.59,17.66,-34.42
-15.42,15.92,-33.77
-14.56,14.63,-33.53
-13.38,12.85,-33.46
-12.69,11.81,-33.44
-11.94,10.67,-33.54
-11.71,10.32,-34.49
-11.94,10.64,-36.06
-12.09,10.85,-37.83
-12.12,10.88,-40.67
-12.15,10.92,-43.56
-12.16,10.93,-45.55
-12.16,10.93,-46.65
-12.19,10.95,-46.90
-12.19,10.96,-46.68
-12.27,11.03,-46.48
-12.35,11.10,-46.40
-12.47,11.22,-46.35
-12.56,11.31,-46.33
-12.64,11.39,-46.33
-12.67,11.41,-46.36
-12.67,11.41,-46.39
-12.67,11.41,-46.40
-12.67,11.41,-46.41
-12.64,11.39,-46.41
-12.62,11.37,-46.45
-12.62,11.36,-46.37
-13.09,11.81,-46.11
-13.60,12.32,-45.26
-14.66,13.38,-44.56
-15.56,14.30,-44.26
-17.05,15.84,-43.75
-18.14,16.99,-43.60
-20.06,19.00,-43.77
-21.40,20.40,-43.87
-23.57,22.64,-44.10
-25.12,24.24,-44.28
-27.49,26.66,-44.32
-29.16,28.37,-44.36
-31.69,30.96,-44.36
-33.42,32.72,-44.46
-36.04,35.39,-44.61
-37.80,37.17,-44.68
-40.47,39.87,-44.66
-42.22,41.64,-44.57
-44.63,44.10,-44.36
-46.00,45.50,-44.53
-47.39,46.91,-44.82
-47.80,47.32,-45.16
-47.95,47.47,-45.58
-47.95,47.47,-45.82
-47.95,47.46,-46.09
-48.11,47.62,-46.27
-47.77,47.29,-45.92
-47.50,47.03,-45.47
-46.99,46.52,-45.48
-46.77,46.31,-45.50
-46.34,45.89,-45.58
-46.15,45.70,-45.80
-46.01,45.56,-45.79
-45.99,45.55,-45.94
-46.03,45.58,-48.35
-46.04,45.59,-54.83
-46.00,45.57,-64.37
-45.90,45.53,-75.49
-45.84,45.52,-85.69
-45.58,45.52,-91.16
-45.50,45.52,-91.96
-45.41,45.52,-91.23
-45.41,45.52,-90.86
-45.41,45.52,-90.98
-45.41,45.52,-91.16
-45.42,45.52,-91.09
-45.44,45.52,-91.25
-45.38,45.52,-91.15
-45.41,45.52,-91.03
-45.52,45.52,-91.17
-45.89,45.51,-91.24
-46.77,45.50,-90.90
-47.60,45.48,-90.63
-49.12,45.47,-90.63
-50.24,45.46,-90.45
-52.10,45.44,-90.31
-53.39,45.44,-90.20
-55.01,45.44,-90.00
-55.82,45.43,-90.28
-56.81,45.43,-90.39
-57.36,45.42,-90.38
-57.64,45.42,-90.56
-57.58,45.42,-90.39
-57.56,45.42,-90.27
-57.57,45.42,-90.32
-57.57,45.42,-90.30
-57.56,45.42,-90.40
-57.57,45.42,-90.33
-57.57,45.42,-90.37
-57.57,45.42,-90.38
-57.57,45.42,-90.35
-57.58,45.42,-90.35
-57.57,45.42,-90.35
-57.57,45.42,-90.34
-57.57,45.42,-90.33
-57.57,45.42,-90.33
-57.57,45.42,-90.32
-57.57,45.42,-90.35
-57.57,45.42,-90.32
-57.51,45.42,-90.25
-57.06,45.42,-89.99
-56.21,45.42,-90.12
-55.42,45.43,-90.39
-54.04,45.44,-90.43
-53.08,45.45,-90.61
-51.66,45.46,-90.65
-51.01,45.47,-90.37
-50.18,45.47,-89.99
-49.74,45.47,-90.21
-49.28,45.47,-90.20
-49.07,46.10,-89.94
-48.89,46.10,-88.33
-48.85,46.10,-83.83
-48.84,46.09,-75.50
-48.82,46.09,-63.84
-48.81,46.08,-48.82
-48.81,46.08,-30.86
-48.85,46.18,-12.43
-48.86,46.21,2.87
-48.86,46.19,11.56
-48.89,46.07,13.00
-48.90,45.99,9.08
-48.91,45.90,5.23
-48.90,46.07,2.32
-48.88,46.79,1.33
-48.87,47.50,1.12
-48.84,48.75,1.09
-48.83,49.57,1.18
-48.80,50.86,1.17
-48.78,51.59,1.30
-48.76,52.49,1.40
-48.75,52.91,1.52
-48.73,53.51,2.87
-48.69,54.03,6.74
-48.52,55.00,13.01
-48.28,55.77,21.45
-47.65,57.01,31.83
-47.04,57.80,43.85
-45.89,58.76,56.40
-44.98,59.23,69.04
-43.75,59.57,80.56
-43.22,59.61,88.50
-42.82,59.61,92.20
-42.87,59.62,92.68
-43.01,59.62,92.55
-43.09,59.63,92.29
-43.12,59.63,92.20
-43.12,59.63,92.23
-43.13,59.63,91.97
-43.14,59.63,91.31
-43.14,59.63,91.06
-43.14,59.63,91.02
-43.14,59.63,90.98
-43.08,59.63,90.68
-42.28,59.62,90.82
-41.60,59.60,91.43
-40.12,59.55,92.24
-38.81,59.50,92.69
-36.71,59.39,93.04
-35.00,59.31,92.43
-32.19,59.20,91.84
-30.18,59.14,91.76
-26.98,59.04,91.68
-24.71,58.98,91.65
-21.17,58.87,91.77
-18.68,58.79,91.74
-14.87,58.68,91.78
-12.21,58.60,91.72
-8.18,58.47,91.81
-5.35,58.38,91.92
-1.04,58.24,91.86
1.87,58.14,91.83
6.28,58.00,91.82
9.24,57.91,91.87
13.80,57.76,91.81
16.83,57.67,91.71
21.35,57.54,91.58
24.45,57.46,91.36
28.96,57.35,91.34
32.05,57.28,91.45
36.68,57.16,91.58
41.36,57.03,91.62
44.21,56.94,92.53
47.79,56.65,97.50
49.80,56.23,107.52
51.84,55.30,122.34
52.82,54.43,140.40
53.49,53.37,159.02
53.53,53.17,176.10
53.51,52.84,190.97
53.42,52.55,201.66
53.24,52.18,209.39
52.90,51.65,215.51
52.42,51.03,219.95
52.03,50.59,223.08
51.41,49.95,225.10
51.04,49.59,226.53
50.54,49.12,227.15
50.29,48.89,227.22
50.05,48.67,227.26
49.96,48.59,227.20
49.93,48.56,227.23
49.93,48.56,227.23
49.95,48.58,227.25
49.96,48.59,227.23
49.97,48.60,227.23
49.97,48.60,227.22
49.97,48.60,227.20
49.97,48.60,227.19
49.97,48.60,227.17
49.97,48.60,227.15
49.97,48.60,227.13
49.97,48.60,227.10
49.97,48.60,227.08
49.97,48.60,227.06
49.97,48.60,227.05
49.97,48.60,227.05
49.97,48.60,227.05
49.97,48.60,227.05
49.97,48.60,227.05
49.97,48.60,227.05
49.97,48.60,227.05
49.97,48.60,227.05
49.97,48.60,227.05
49.97,48.60,227.05
49.97,48.60,227.05
49.97,48.60,227.05
49.97,48.60,227.05
49.97,48.60,227.05
49.97,48.60,227.05
49.97,48.60,227.05
49.97,48.60,227.05
49.97,48.60,227.05
49.97,48.60,227.05
49.97,48.60,227.05
49.97,48.60,227.05
49.97,48.60,227.05
49.97,48.60,227.05
49.97,48.60,227.05
49.97,48.60,227.05
49.97,48.60,227.05
49.97,48.60,227.05
49.97,48.60,227.05
49.97,48.60,227.05
49.97,48.60,227.05
49.97,48.60,227.05
49.97,48.60,227.05
49.97,48.60,227.05
49.97,48.60,227.05
49.97,48.60,227.05
49.97,48.60,227.05
49.97,48.60,227.05
49.97,48.60,227.05
49.97,48.60,227.05
49.97,48.60,227.05
49.97,48.60,227.05
49.97,48.60,227.05
49.97,48.60,227.05
49.97,48.60,227.05
49.97,48.60,227.05
49.97,48.60,227.05
49.97,48.60,227.05
49.97,48.60,227.05
49.97,48.60,227.05
49.97,48.60,227.05
49.97,48.60,227.05
49.97,48.60,227.05
49.97,48.60,227.05
49.97,48.60,227.05
49.97,48.60,227.05
49.97,48.60,227.05
49.97,48.60,227.05
49.97,48.60,227.05
49.97,48.60,227.05
49.97,48.60,227.05
49.97,48.60,227.05
49.97,48.60,227.05
49.97,48.60,227.05
49.97,48.60,227.05
49.97,48.60,227.05
49.97,48.60,227.05
49.97,48.60,227.05
49.97,48.60,227.05
49.97,48.60,227.05
49.97,48.60,227.05
49.97,48.60,227.05
49.97,48.60,227.05
49.97,48.60,227.05
49.97,48.60,227.05
49.97,48.60,227.05
49.97,48.60,227.05
49.97,48.60,227.05
49.97,48.60,227.05
49.97,48.60,227.05
49.97,48.60,227.05
49.97,48.60,227.05
49.97,48.60,227.05
49.97,48.60,227.05
49.97,48.60,227.05
49.97,48.60,227.05
49.97,48.60,227.05
49.97,48.60,227.05
49.97,48.60,227.05
49.97,48.60,227.05
49.97,48.60,227.05
49.97,48.60,227.05
49.97,48.60,227.05
49.97,48.60,227.05
49.97,48.60,227.05
49.97,48.60,227.05
49.97,48.60,227.05
49.97,48.60,227.05
49.97,48.60,227.05
49.97,48.60,227.05
49.97,48.60,227.05
49.97,48.60,227.05
49.97,48.60,227.05
49.97,48.60,227.05