-47.00,16.30,90.00
-46.98,16.30,89.97
-46.55,16.30,89.79
-45.63,16.30,90.74
-44.77,16.28,91.13
-43.15,16.25,90.96
-41.97,16.23,90.77
-40.17,16.21,90.68
-39.11,16.20,90.70
-37.73,16.18,90.83
-36.99,16.17,90.78
-36.28,16.16,90.60
-35.98,16.16,87.45
-35.74,16.18,80.68
-35.70,16.19,72.28
-35.67,16.20,64.91
-35.75,16.16,61.38
-35.77,16.15,61.88
-35.81,16.13,62.68
-35.83,16.12,62.97
-35.83,16.12,62.87
-35.83,16.11,62.79
-35.81,16.12,62.96
-35.10,16.49,62.98
-34.44,16.83,62.84
-33.14,17.48,63.85
-32.00,18.03,64.57
-30.02,18.96,64.83
-28.68,19.60,64.10
-26.57,20.66,62.85
-25.17,21.39,61.66
-23.16,22.49,60.90
-22.07,23.10,60.50
-20.82,23.82,60.14
-20.18,24.19,59.75
-19.69,24.47,59.49
-19.65,24.50,59.26
-19.70,24.47,59.30
-19.82,24.40,59.47
-19.98,24.31,59.38
-20.07,24.25,59.39
-20.22,24.16,59.39
-20.27,24.13,59.40
-20.30,24.11,59.41
-20.30,24.11,59.41
-20.29,24.12,59.42
-20.27,24.13,59.43
-20.26,24.14,59.23
-20.28,24.12,55.72
-20.36,24.06,48.82
-20.42,24.00,39.30
-20.52,23.85,27.88
-20.58,23.71,12.13
-20.60,23.46,-2.23
-20.57,23.27,-17.30
-20.40,22.93,-32.07
-20.18,22.65,-42.40
-19.84,22.30,-46.62
-19.62,22.09,-46.55
-19.54,22.02,-45.09
-19.51,21.99,-44.00
-19.50,21.97,-43.63
-19.49,21.97,-43.72
-19.46,21.93,-43.16
-19.08,21.52,-40.99
-18.70,21.06,-38.41
-17.97,20.08,-35.95
-17.30,19.13,-33.99
-16.21,17.47,-32.73
-15.43,16.24,-32.21
-14.25,14.36,-32.04
-13.47,13.11,-32.03
-12.49,11.55,-32.14
-12.03,10.82,-32.71
-11.85,10.54,-34.78
-12.02,10.78,-36.93
-12.24,11.07,-39.08
-12.24,11.06,-42.05
-12.28,11.10,-44.15
-12.14,10.96,-45.20
-12.41,11.22,-46.71
-12.40,11.21,-47.20
-12.52,11.33,-47.20
-12.57,11.37,-46.80
-12.71,11.50,-46.52
-12.84,11.62,-46.50
-12.97,11.75,-46.50
-13.04,11.81,-46.53
-13.09,11.86,-46.52
-13.10,11.87,-46.48
-13.09,11.86,-46.49
-13.09,11.86,-46.50
-13.09,11.86,-46.51
-13.09,11.86,-46.51
-13.12,11.89,-46.51
-13.42,12.17,-46.37
-14.20,12.92,-45.81
-14.99,13.70,-44.98
-16.43,15.16,-44.62
-17.51,16.26,-44.31
-19.37,18.17,-43.95
-20.71,19.57,-43.81
-22.82,21.77,-43.69
-24.30,23.32,-43.64
-26.66,25.79,-43.76
-28.26,27.46,-43.92
-30.72,30.00,-44.12
-32.37,31.70,-44.34
-34.89,34.27,-44.48
-36.64,36.05,-44.60
-39.32,38.76,-44.64
-41.04,40.51,-44.59
-43.64,43.15,-44.45
-45.12,44.67,-44.40
-46.90,46.47,-44.71
-47.58,47.15,-45.13
-47.99,47.56,-45.69
-48.00,47.57,-46.14
-48.00,47.57,-46.44
-48.02,47.59,-46.69
-47.69,47.28,-46.51
-47.41,47.01,-46.04
-46.89,46.51,-45.73
-46.65,46.27,-46.14
-46.41,46.05,-46.42
-46.28,45.92,-46.50
-46.26,45.90,-46.73
-46.29,45.93,-50.01
-46.21,45.88,-59.69
-46.14,45.84,-70.40
-46.05,45.82,-81.29
-45.82,45.80,-89.16
-45.62,45.81,-91.84
-45.52,45.81,-91.52
-45.48,45.81,-90.90
-45.48,45.81,-90.78
-45.48,45.81,-90.98
-45.50,45.81,-91.06
-45.53,45.81,-90.82
-46.14,45.80,-90.57
-46.82,45.80,-90.23
-48.18,45.79,-90.12
-49.28,45.79,-90.03
-51.06,45.80,-89.84
-52.35,45.80,-89.68
-54.34,45.82,-89.50
-55.46,45.82,-90.08
-57.30,45.81,-90.51
-57.10,45.81,-90.61
-56.71,45.82,-91.28
-56.46,45.82,-91.27
-56.43,45.82,-91.24
-56.55,45.82,-91.17
-56.83,45.81,-91.12
-56.85,45.81,-90.96
-56.85,45.81,-90.91
-56.85,45.81,-90.90
-56.85,45.81,-90.89
-56.85,45.81,-90.83
-56.85,45.81,-90.83
-56.85,45.81,-90.87
-56.85,45.81,-90.84
-56.85,45.81,-90.81
-56.85,45.81,-90.79
-56.54,45.82,-90.66
-55.62,45.83,-90.71
-54.92,45.84,-90.98
-53.44,45.86,-91.08
-52.49,45.88,-91.20
-51.02,45.92,-91.37
-50.20,45.94,-91.05
-49.41,45.95,-90.42
-48.90,45.95,-89.93
-48.50,45.95,-90.07
-48.27,46.45,-90.08
-48.03,46.45,-88.77
-47.91,46.45,-83.27
-47.81,46.43,-74.02
-47.78,46.42,-61.31
-47.76,46.40,-45.51
-47.76,46.40,-27.60
-47.76,46.40,-9.60
-47.76,46.54,3.80
-47.78,46.45,10.33
-47.78,46.46,10.22
-47.80,46.33,7.12
-47.81,46.23,3.66
-47.81,46.16,1.23
-47.81,46.80,0.24
-47.80,47.48,0.28
-47.80,48.69,0.19
-47.79,49.53,0.25
-47.79,50.91,0.34
-47.78,51.74,0.49
-47.77,52.72,0.64
-47.77,53.25,0.66
-47.75,53.94,1.46
-47.73,54.46,4.86
-47.59,55.49,10.77
-47.36,56.35,18.84
-46.80,57.63,29.02
-46.20,58.49,40.98
-45.01,59.60,54.10
-44.07,60.11,70.14
-42.82,60.42,81.98
-42.40,60.45,89.43
-42.19,60.45,92.41
-42.30,60.45,93.05
-42.52,60.47,93.25
-42.63,60.47,91.90
-42.72,60.47,90.69
-42.74,60.47,90.33
-42.74,60.47,90.32
-42.74,60.47,90.15
-42.17,60.47,89.99
-41.51,60.47,90.54
-40.25,60.46,90.75
-39.03,60.44,91.08
-37.04,60.39,91.64
-35.55,60.35,91.67
-33.14,60.28,91.49
-31.41,60.23,91.51
-28.53,60.15,91.97
-26.46,60.06,92.85
-23.08,59.87,93.70
-20.72,59.70,94.27
-17.02,59.42,94.44
-14.55,59.22,94.66
-10.69,58.91,94.58
-8.05,58.70,94.30
-4.04,58.41,94.03
-1.30,58.23,93.65
2.85,57.98,93.26
5.67,57.83,92.84
9.92,57.63,92.38
12.83,57.52,91.89
17.14,57.40,91.38
20.08,57.34,90.89
24.47,57.29,90.44
27.45,57.28,90.21
31.91,57.27,90.11
34.90,57.26,90.16
39.20,57.23,90.82
41.55,57.18,91.66
44.60,57.09,91.61
46.52,57.04,91.22
49.00,56.99,91.00
50.26,56.97,91.06
51.52,56.95,90.28
52.33,56.95,89.45
53.02,56.96,89.51
53.22,56.96,89.85
53.43,58.14,90.07
53.44,58.14,90.01
53.15,58.13,87.82
52.46,58.08,82.75
51.78,57.95,75.71
50.54,57.54,68.11
49.57,57.07,61.20
47.97,56.08,55.64
46.86,55.25,51.18
45.10,53.74,47.62
44.00,52.69,45.10
42.55,51.21,43.71
41.68,50.31,45.27
40.48,49.23,50.95
39.83,48.76,59.11
38.81,48.26,69.45
38.30,48.12,79.75
37.45,48.03,87.56
36.83,48.03,90.72
35.84,48.04,90.39
35.07,48.03,88.09
34.01,47.98,86.04
33.24,47.92,84.79
31.97,47.80,84.49
31.39,47.75,86.67
30.74,47.73,91.48
30.43,47.75,93.20
29.52,47.80,93.32
29.22,47.82,96.65
28.53,47.93,100.80
28.31,47.98,101.54
28.33,47.97,100.98
28.34,47.97,101.05
28.38,47.96,100.58
28.45,47.95,100.04
28.27,47.98,100.13
28.57,47.93,100.19
28.37,47.96,99.96
28.42,47.96,99.98
28.36,47.97,99.86
28.34,47.97,99.79
28.34,47.97,99.81
28.34,47.97,99.77
28.34,47.97,99.83
28.34,47.97,99.81
28.35,47.97,99.77
28.35,47.97,99.77
28.35,47.97,99.73
28.35,47.97,99.75
28.35,47.97,99.74
28.35,47.97,99.73
28.35,47.97,99.72
28.35,47.97,99.72
28.35,47.97,99.70
28.35,47.97,99.70
28.35,47.97,99.70
28.35,47.97,99.71
28.35,47.97,99.70
28.35,47.97,99.69
28.35,47.97,99.69
28.35,47.97,99.68
28.35,47.97,99.68
28.35,47.97,99.68
28.35,47.97,99.68
28.35,47.97,99.68
28.35,47.97,99.69
28.35,47.97,99.69
28.35,47.97,99.70
28.35,47.97,99.69
28.35,47.97,99.69
28.35,47.97,99.68
28.35,47.97,99.67
28.35,47.97,99.68
28.35,47.97,99.67
28.42,47.96,99.69
28.46,47.95,99.71
28.46,47.95,99.71
28.46,47.95,99.70
28.93,47.87,99.11
29.54,47.78,98.51
30.82,47.59,98.64
32.12,47.39,98.11
34.13,47.11,97.98
35.71,46.89,97.74
38.17,46.57,96.91
39.88,46.38,95.60
42.36,46.19,92.96
43.94,46.16,89.60
46.26,46.23,86.57
47.76,46.35,84.42
49.75,46.56,84.28
50.54,46.62,87.29
51.35,46.64,90.36
51.95,46.63,91.77
52.55,46.60,92.52
53.02,46.58,92.58
53.39,46.57,90.95
53.61,46.57,89.05
53.79,46.57,88.33
53.83,46.57,88.52
53.82,46.57,88.46
53.82,46.57,88.44
53.83,46.57,88.47
53.84,46.57,88.47
53.84,46.57,88.46
53.84,46.57,88.46
53.84,46.57,88.45
53.84,46.57,88.45
53.84,46.57,88.46
53.84,46.57,88.45
53.84,46.57,88.45
53.84,46.57,88.45
53.84,46.57,88.44
53.84,46.57,88.45
53.84,46.57,88.45
53.84,46.57,88.46
53.84,46.57,88.46
53.84,46.57,88.51
53.56,46.57,89.41
53.02,46.57,89.89
51.80,46.57,90.58
50.78,46.59,91.59
48.89,46.66,92.81
47.60,46.74,93.61
45.29,46.89,94.12
43.52,47.03,94.51
40.78,47.24,94.39
38.93,47.38,93.93
36.16,47.55,93.03
33.43,47.67,91.77
31.57,47.71,90.73
29.02,47.72,89.88
27.92,47.74,94.41
28.20,47.71,97.00
28.18,47.71,96.92
28.02,47.73,97.46
28.03,47.73,97.83
28.13,47.71,97.21
28.13,47.71,97.31
28.13,47.71,97.35
28.14,47.71,97.34
28.14,47.71,97.19
28.14,47.71,97.18
28.14,47.71,97.13
28.14,47.71,97.13
28.14,47.71,97.15
28.14,47.71,97.13
28.14,47.71,97.12
28.14,47.71,97.13
28.14,47.71,97.11
28.14,47.71,97.10
28.14,47.71,97.11
28.14,47.71,97.11
28.14,47.71,97.11
28.14,47.71,97.11
28.14,47.71,97.11
28.14,47.71,97.11
28.14,47.71,97.10
28.14,47.71,97.09
28.14,47.71,97.09
28.14,47.71,97.09
28.14,47.71,97.09
28.14,47.71,97.09
28.14,47.71,97.09
28.14,47.71,97.09
28.14,47.71,97.09
28.14,47.71,97.08
28.48,47.67,97.10
28.87,47.62,97.11
29.67,47.52,97.25
30.38,47.43,97.19
31.42,47.30,97.22
32.09,47.21,97.22
33.07,47.09,97.19
33.58,47.03,97.31
34.35,46.93,97.73
34.97,46.83,100.11
36.07,46.59,104.77
36.96,46.32,109.92
38.27,45.76,116.07
39.13,45.27,123.31
40.37,44.33,131.11
41.24,43.48,137.58
42.44,42.05,141.77
43.24,41.00,143.83
44.45,39.32,144.03
45.30,38.17,142.99
46.65,36.43,141.52
47.63,35.22,140.55
49.24,33.28,140.13
50.35,31.96,140.05
52.11,29.85,140.12
53.18,28.57,139.86
54.53,26.98,139.15
55.79,25.55,138.42
56.45,24.80,138.56
57.44,23.68,138.93
58.11,22.90,139.20
59.09,21.76,139.55
59.74,20.99,139.64
60.28,20.37,139.12
60.34,20.29,137.18
60.33,20.30,136.06
60.32,20.31,136.10
60.33,20.30,136.20
60.33,20.30,136.15
60.33,20.30,136.16
60.33,20.30,136.16
60.33,20.30,136.16
60.37,20.26,137.07
60.53,20.09,139.36
60.70,19.87,142.63
61.04,19.40,146.42
61.24,19.07,150.40
61.57,18.44,155.17
61.74,18.02,160.88
61.88,17.55,166.62
61.94,17.21,171.38
61.98,16.90,173.60
61.99,16.85,173.88
61.99,16.83,173.57
62.01,16.63,173.19
62.12,15.70,173.93
62.16,15.28,175.87
62.16,15.17,177.84
62.16,15.16,180.07
62.16,15.17,181.51
62.16,15.18,181.62
62.17,15.20,181.37
62.17,15.20,180.58
62.16,14.40,180.47
62.15,13.47,180.64
62.14,12.81,180.95
62.14,12.73,181.86
62.14,12.73,182.25
62.14,12.73,182.49
62.14,12.72,182.66
62.13,12.57,180.89
62.13,12.56,177.71
62.13,12.56,174.34
62.13,12.56,171.64
62.13,12.56,171.62
62.13,12.56,173.09
62.13,12.56,174.21
62.13,12.56,173.48
62.13,12.56,172.61
62.13,12.56,172.06
62.14,12.50,172.76
62.27,11.41,173.70
62.37,10.48,174.38
62.45,9.58,176.36
62.45,9.52,178.54
62.45,9.53,180.12
62.45,9.54,180.76
62.45,9.54,181.18
62.45,9.55,181.71
62.45,9.55,180.98
62.45,9.55,180.12
62.45,9.58,178.98
62.45,9.54,178.44
62.47,9.04,178.14
62.50,8.04,178.17
62.51,7.63,178.57
62.51,7.58,178.81
62.51,7.59,179.06
62.51,7.58,178.62
62.51,7.58,178.09
62.51,7.61,178.44
62.51,7.61,179.15
62.51,7.61,179.16
62.51,7.59,179.00
62.53,6.36,178.93
62.54,5.67,179.25
62.56,4.38,179.13
62.57,3.66,179.73
62.57,2.49,179.90
62.58,1.52,179.99
62.57,0.20,180.25
62.57,-0.15,180.62
62.57,-0.09,180.60
62.57,-0.03,180.40
62.57,-0.06,180.33
62.57,0.36,180.60
62.58,1.00,180.76
62.59,1.36,180.66
62.59,2.00,180.68
62.60,2.44,180.59
62.61,3.11,180.52
62.61,3.61,180.46
62.61,4.33,180.32
62.62,4.82,180.14
62.62,5.54,180.01
62.62,5.96,180.75
62.62,5.96,180.91
62.62,5.95,180.89
62.62,5.96,180.90
62.62,5.95,180.90
62.62,5.95,180.90
62.62,5.95,180.90
62.62,5.95,180.89
62.62,5.95,180.89
62.62,5.95,180.90
62.62,5.95,180.91
62.62,5.95,180.91
62.62,5.95,180.91
62.62,5.95,180.91
62.62,5.95,180.92
62.62,5.95,180.92
62.62,5.95,180.92
62.62,5.95,180.90
62.62,5.93,180.97
62.62,5.93,180.98
62.62,5.93,180.96
62.62,5.93,180.97
62.62,5.93,180.96
62.62,5.93,180.97
62.22,-17.00,180.00
62.22,-17.00,180.00
62.22,-17.03,180.47
62.21,-17.49,181.81
62.19,-17.95,183.14
62.12,-18.99,184.29
62.02,-20.26,185.37
61.92,-21.21,186.34
61.73,-22.80,186.97
61.60,-23.90,187.33
61.38,-25.52,187.62
61.26,-26.46,187.86
61.10,-27.58,187.95
61.03,-28.09,189.23
60.91,-28.68,194.19
60.82,-28.96,201.69
60.63,-29.36,207.52
60.50,-29.58,212.80
60.24,-29.94,219.35
60.06,-30.13,227.58
59.83,-30.31,237.46
59.64,-30.40,248.80
59.37,-30.49,261.38
59.26,-30.49,274.44
59.12,-30.46,285.29
59.14,-30.47,289.83
59.24,-30.51,289.66
59.19,-30.49,288.58
58.52,-30.27,288.49
57.84,-30.04,288.36
56.31,-29.54,287.83
55.09,-29.15,287.72
52.98,-28.48,287.50
51.49,-28.01,287.55
48.91,-27.19,287.85
47.02,-26.57,288.34
43.99,-25.56,288.62
41.82,-24.83,288.54
38.39,-23.69,288.19
36.01,-22.91,287.97
32.43,-21.76,287.49
30.06,-21.03,286.75
26.56,-19.99,286.50
24.43,-19.36,285.90
21.63,-18.65,282.11
20.12,-18.42,274.47
18.23,-18.43,263.92
17.31,-18.63,250.82
16.38,-19.08,235.34
16.14,-19.29,217.46
16.15,-19.26,198.27
16.19,-18.94,178.64
15.96,-17.84,160.83
15.53,-16.99,146.03
14.41,-15.63,135.59
13.55,-14.84,130.10
12.32,-13.86,127.61
11.91,-13.54,130.24
11.96,-13.58,134.23
12.00,-13.63,135.85
12.00,-13.62,136.13
12.00,-13.62,135.98
12.00,-13.62,135.99
12.00,-13.62,136.05
12.00,-13.62,136.04
12.01,-13.64,135.59
12.19,-13.82,134.56
12.32,-13.94,133.50
12.44,-14.05,133.03
12.48,-14.09,133.30
12.49,-14.10,133.36
12.48,-14.09,133.53
12.48,-14.10,133.54
12.48,-14.10,133.52
12.48,-14.09,133.60
12.48,-14.09,133.64
12.48,-14.09,133.58
12.48,-14.09,133.61
12.48,-14.09,133.63
12.48,-14.09,133.64
12.48,-14.09,133.65
12.48,-14.10,133.68
12.49,-14.10,133.62
12.48,-14.10,133.70
12.48,-14.10,133.71
12.49,-14.10,133.69
12.50,-14.12,133.80
12.50,-14.11,133.82
12.50,-14.11,133.85
12.50,-14.12,133.82
12.51,-14.12,133.80
12.52,-14.13,133.86
12.52,-14.13,133.99
12.55,-14.16,133.92
12.54,-14.15,133.81
12.61,-14.22,133.91
12.71,-14.32,133.99
12.87,-14.47,134.13
12.99,-14.58,134.12
13.06,-14.66,134.16
13.07,-14.66,134.17
13.06,-14.66,134.14
13.05,-14.64,134.10
13.04,-14.63,134.09
13.04,-14.63,134.09
13.04,-14.63,134.09
13.04,-14.63,134.08
13.03,-14.63,134.08
13.03,-14.63,134.06
13.03,-14.63,134.08
13.03,-14.63,134.07
13.03,-14.63,134.06
13.03,-14.63,134.11
13.03,-14.63,134.19
13.05,-14.64,134.24
13.05,-14.65,134.22
13.05,-14.65,134.14
13.05,-14.65,134.13
13.05,-14.65,134.14
13.05,-14.65,134.13
13.05,-14.65,134.15
13.05,-14.65,134.13
13.05,-14.65,134.16
13.05,-14.65,134.17
13.05,-14.65,134.23
13.05,-14.65,134.19
13.05,-14.65,134.28
13.05,-14.65,134.24
13.05,-14.65,134.24
13.06,-14.65,134.22
13.05,-14.65,134.18
13.05,-14.65,134.19
13.05,-14.65,134.19
13.06,-14.66,134.10
13.48,-15.06,134.02
14.01,-15.57,133.58
15.06,-16.56,133.30
15.93,-17.38,132.92
17.41,-18.74,132.76
18.63,-19.88,132.72
20.40,-21.51,132.81
21.97,-22.95,132.09
24.09,-24.85,131.81
25.73,-26.31,131.57
28.16,-28.46,131.25
30.01,-30.08,131.10
32.82,-32.51,130.78
34.73,-34.16,130.75
37.73,-36.75,130.89
39.81,-38.56,130.98
42.94,-41.28,131.12
44.99,-43.07,131.25
48.00,-45.70,130.91
49.74,-47.19,130.32
51.74,-48.86,129.50
52.57,-49.55,128.52
53.14,-49.99,127.42
53.21,-50.04,126.55
53.21,-50.04,126.10
53.21,-50.04,125.78
52.90,-49.82,125.65
52.54,-49.56,126.13
51.84,-49.05,126.62
51.62,-48.88,126.20
51.21,-48.58,125.80
50.98,-48.42,125.37
50.78,-48.28,121.51
50.57,-48.17,115.34
50.26,-48.05,107.06
50.11,-48.02,98.52
49.87,-47.99,92.23
49.78,-47.99,90.31
49.91,-47.99,90.45
50.33,-48.00,90.68
51.29,-48.01,90.84
52.19,-48.03,90.91
53.75,-48.05,91.06
54.88,-48.07,91.16
56.45,-48.09,90.09
57.51,-48.08,87.66
57.98,-48.04,82.26
57.95,-48.05,80.30
57.67,-48.09,80.09
57.62,-48.10,80.16
57.67,-48.09,80.49
57.68,-48.09,80.65
57.68,-48.09,80.69
57.68,-48.09,80.70
57.68,-48.09,80.74
57.68,-48.09,80.77
57.68,-48.09,80.81
57.69,-48.09,80.81
57.69,-48.09,80.85
57.69,-48.09,80.87
57.69,-48.09,80.86
57.69,-48.09,80.90
57.69,-48.09,80.91
57.69,-48.09,80.93
57.69,-48.09,80.89
57.69,-48.09,80.94
57.69,-48.09,80.95
57.70,-48.09,80.98
57.70,-48.09,81.01
57.70,-48.09,81.02
57.69,-48.09,81.01
57.70,-48.09,81.04
57.68,-48.09,81.11
56.96,-48.20,81.44
56.26,-48.31,81.37
54.95,-48.51,81.25
53.82,-48.68,81.31
52.17,-48.94,81.23
51.00,-49.12,81.25
49.72,-49.30,83.01
49.17,-49.35,86.69
48.67,-49.37,89.47
48.53,-49.37,89.71
48.43,-47.56,89.14
48.43,-47.56,89.07
48.46,-47.56,91.78
48.52,-47.56,98.93
48.60,-47.58,110.11
48.64,-47.60,125.32
48.65,-47.61,142.81
48.66,-47.64,161.28
48.69,-47.83,177.32
48.70,-47.86,186.65
48.73,-47.61,189.62
48.75,-47.47,187.67
48.78,-47.19,184.73
48.79,-47.03,182.42
48.79,-47.24,180.92
48.78,-47.70,180.71
48.77,-48.68,180.60
48.76,-49.59,180.52
48.74,-51.29,181.21
48.69,-52.54,183.03
48.56,-54.37,184.93
48.44,-55.60,186.25
48.26,-57.19,186.91
48.13,-58.14,188.97
47.87,-59.40,195.73
47.59,-60.13,206.60
47.15,-60.86,217.73
47.08,-60.93,227.10
46.83,-61.14,234.49
46.71,-61.21,240.71
45.93,-61.60,246.01
45.19,-61.90,250.58
44.18,-62.20,256.49
43.60,-62.31,263.17
42.94,-62.36,268.51
42.87,-62.36,270.88
42.92,-62.36,270.95
43.02,-62.36,270.61
43.09,-62.36,270.38
43.10,-62.36,270.36
43.09,-62.36,270.43
43.08,-62.36,270.48
43.07,-62.36,270.43
42.72,-62.36,270.46
41.79,-62.35,271.07
40.48,-62.31,271.80
39.26,-62.27,272.53
37.12,-62.16,273.45
35.65,-62.05,274.28
33.09,-61.86,274.34
31.21,-61.72,274.22
28.18,-61.51,273.76
26.03,-61.37,273.29
22.59,-61.19,272.97
20.21,-61.06,273.16
16.46,-60.85,273.22
13.97,-60.71,273.37
9.92,-60.47,273.43
7.23,-60.31,273.46
2.99,-60.05,273.46
0.18,-59.88,273.34
-4.04,-59.64,273.10
-7.01,-59.49,272.77
-11.43,-59.29,272.43
-14.42,-59.17,272.08
-18.87,-59.02,272.01
-21.90,-58.91,271.91
-26.46,-58.76,271.98
-29.55,-58.65,272.11
-34.19,-58.46,272.43
-37.19,-58.33,272.90
-40.90,-58.12,273.39
-43.06,-58.00,272.91
-45.94,-57.87,272.02
-47.73,-57.83,271.11
-49.74,-57.26,270.78
-50.86,-57.25,270.44
-51.77,-57.25,269.43
-52.06,-57.26,265.27
-52.16,-57.27,259.07
-51.77,-57.17,253.00
-50.91,-56.85,246.22
-50.24,-56.51,240.07
-48.81,-55.59,234.79
-47.79,-54.79,229.95
-46.22,-53.38,226.17
-45.12,-52.27,223.32
-43.61,-50.60,221.20
-42.71,-49.55,220.05
-41.48,-48.13,222.57
-40.72,-47.39,229.20
-39.61,-46.57,239.22
-38.99,-46.29,251.41
-38.10,-46.08,263.58
-37.56,-46.07,272.42
-36.50,-46.17,277.58
-35.94,-46.25,276.97
-34.93,-46.35,273.90
-34.25,-46.37,270.72
-33.26,-46.37,268.95
-32.32,-46.34,268.07
-31.25,-46.31,269.95
-30.75,-46.33,274.59
-29.75,-46.44,277.24
-28.97,-46.55,278.57
-27.61,-46.77,279.60
-27.03,-46.89,285.60
-26.37,-47.11,289.08
-26.39,-47.10,288.25
-26.39,-47.10,287.53
-26.40,-47.10,286.56
-26.35,-47.11,285.66
-26.23,-47.15,285.48
-26.32,-47.12,285.74
-26.36,-47.11,285.07
-26.21,-47.15,284.70
-26.22,-47.15,284.66
-26.24,-47.14,284.65
-26.24,-47.14,284.64
-26.24,-47.14,284.63
-26.24,-47.14,284.64
-26.24,-47.14,284.66
-26.24,-47.14,284.62
-26.24,-47.14,284.63
-26.24,-47.14,284.64
-26.24,-47.14,284.63
-26.24,-47.14,284.62
-26.24,-47.14,284.62
-26.24,-47.14,284.62
-26.24,-47.14,284.63
-26.24,-47.14,284.62
-26.24,-47.14,284.63
-26.24,-47.14,284.62
-26.24,-47.14,284.63
-26.24,-47.14,284.62
-26.24,-47.14,284.62
-26.24,-47.14,284.62
-26.24,-47.14,284.63
-26.24,-47.14,284.62
-26.24,-47.14,284.63
-26.24,-47.14,284.64
-26.24,-47.14,284.62
-26.24,-47.14,284.63
-26.24,-47.14,284.63
-26.24,-47.14,284.63
-26.24,-47.14,284.63
-26.24,-47.14,284.63
-26.24,-47.14,284.64
-26.24,-47.14,284.64
-26.24,-47.14,284.64
-26.24,-47.14,284.64
-26.24,-47.14,284.64
-26.24,-47.14,284.64
-26.24,-47.14,284.64
-26.24,-47.14,284.65
-26.24,-47.14,284.66
-26.24,-47.14,284.66
-26.24,-47.14,284.67
-26.24,-47.14,284.67
-26.24,-47.14,284.67
-26.24,-47.14,284.66
-26.25,-47.14,284.66
-26.36,-47.11,284.72
-26.38,-47.10,284.34
-27.07,-46.94,283.28
-27.74,-46.78,282.33
-29.12,-46.49,281.63
-30.38,-46.25,280.18
-32.48,-45.91,277.87
-34.10,-45.73,274.98
-36.81,-45.56,271.51
-39.68,-45.55,268.82
-41.62,-45.64,265.98
-44.52,-45.91,263.23
-46.30,-46.16,261.18
-48.67,-46.54,260.68
-49.96,-46.74,263.19
-50.99,-46.82,268.10
-51.30,-46.83,270.00
-51.91,-46.82,270.59
-52.03,-46.82,271.12
-52.52,-46.81,271.18
-53.04,-46.80,270.73
-53.39,-46.80,270.07
-53.35,-46.80,269.88
-53.33,-46.80,269.90
-53.33,-46.80,269.90
-53.33,-46.80,269.89
-53.33,-46.80,269.89
-53.33,-46.80,269.89
-53.33,-46.80,269.88
-53.33,-46.80,269.91
-53.33,-46.80,269.88
-53.33,-46.80,269.87
-53.33,-46.80,269.85
-53.33,-46.80,269.83
-53.33,-46.80,269.84
-53.33,-46.80,269.84
-53.33,-46.80,269.85
-53.33,-46.80,269.84
-53.33,-46.80,269.86
-53.33,-46.80,269.86
-53.33,-46.80,269.86
-53.33,-46.80,269.87
-53.33,-46.80,269.86
-53.33,-46.80,269.86
-53.33,-46.80,269.87
-53.33,-46.80,269.87
-53.33,-46.80,269.88
-53.33,-46.80,269.91
-53.33,-46.80,269.90
-53.33,-46.80,269.91
-53.33,-46.80,269.90
-53.33,-46.80,269.91
-53.33,-46.80,269.91
-53.33,-46.80,269.92
-53.33,-46.80,269.92
-53.33,-46.80,269.93
-53.33,-46.80,269.93
-53.33,-46.80,269.93
-53.28,-46.80,269.98
-52.40,-46.80,269.93
-51.70,-46.80,269.55
-50.50,-46.78,269.04
-49.32,-46.76,269.03
-47.34,-46.73,269.60
-46.06,-46.73,270.19
-43.91,-46.75,270.82
-42.29,-46.78,271.33
-39.80,-46.84,271.40
-38.14,-46.88,271.33
-35.57,-46.94,271.24
-33.85,-46.98,271.03
-31.42,-47.02,270.89
-29.12,-47.05,270.91
-27.69,-47.08,270.80
-26.48,-47.12,274.72
-26.13,-47.17,282.98
-26.16,-47.16,284.68
-26.08,-47.18,283.93
-26.08,-47.18,284.12
-26.08,-47.18,284.01
-26.08,-47.18,284.00
-26.09,-47.18,284.07
-26.10,-47.18,283.77
-26.10,-47.18,283.90
-26.10,-47.18,283.82
-26.11,-47.18,283.85
-26.11,-47.18,283.80
-26.11,-47.18,283.89
-26.11,-47.18,283.84
-26.11,-47.18,283.85
-26.11,-47.18,283.84
-26.11,-47.17,283.85
-26.11,-47.17,283.84
-26.11,-47.17,283.87
-26.11,-47.17,283.83
-26.11,-47.17,283.88
-26.12,-47.17,283.85
-26.12,-47.17,283.87
-26.12,-47.17,283.86
-26.12,-47.17,283.87
-26.12,-47.17,283.89
-26.11,-47.17,283.94
-26.12,-47.17,283.86
-26.12,-47.17,283.88
-26.12,-47.17,283.90
-26.12,-47.17,283.87
-26.12,-47.17,283.88
-26.12,-47.17,283.88
-26.12,-47.17,283.92
-26.12,-47.17,283.88
-26.12,-47.17,283.89
-26.12,-47.17,283.89
-26.12,-47.17,283.90
-26.12,-47.17,283.89
-26.12,-47.17,283.89
-26.12,-47.17,283.89
-26.12,-47.17,283.88
-28.00,-46.80,283.86
-28.36,-46.71,283.67
-28.75,-46.62,283.70
-29.55,-46.42,283.75
-30.24,-46.25,283.67
-31.27,-46.00,283.67
-31.95,-45.84,283.66
-32.90,-45.60,283.73
-33.40,-45.48,283.91
-34.23,-45.27,284.85
-34.85,-45.09,287.65
-35.96,-44.70,291.69
-36.77,-44.33,297.15
-38.02,-43.60,303.73
-38.91,-42.93,309.98
-40.25,-41.70,314.29
-41.15,-40.79,316.46
-42.58,-39.26,316.98
-43.59,-38.19,316.38
-45.10,-36.63,315.30
-46.88,-34.86,314.46
-48.12,-33.66,313.96
-50.05,-31.80,313.81
-51.40,-30.51,313.82
-53.44,-28.55,313.80
-54.85,-27.20,313.83
-56.58,-25.53,313.80
-57.48,-24.69,312.29
-59.06,-23.30,310.61
-59.90,-22.59,309.88
-60.48,-22.11,307.57
-60.64,-22.00,303.79
-60.64,-22.00,300.75
-60.59,-22.02,298.89
-60.62,-22.01,298.31
-60.64,-22.00,298.25
-60.64,-22.00,298.19
-60.64,-22.00,298.20
-60.64,-22.00,298.20
-60.64,-22.00,298.22
-60.64,-22.00,298.24
-60.51,-22.07,298.38
-60.20,-22.23,298.40
-60.00,-22.34,298.43
-59.83,-22.44,298.27
-59.60,-22.56,298.42
-59.14,-22.81,298.31
-59.02,-22.88,299.52
-59.13,-22.80,302.42
-59.47,-22.57,306.50
-60.24,-21.95,310.96
-60.82,-21.39,317.30
-61.25,-20.87,324.63
-61.47,-20.51,331.91
-61.68,-20.05,338.43
-61.80,-19.71,342.78
-61.94,-19.21,345.62
-61.99,-18.99,347.06
-62.04,-18.80,347.46
-62.11,-18.46,347.24
-62.33,-17.47,348.45
-62.43,-16.87,351.90
-62.49,-16.36,356.07
-62.49,-16.33,359.69
-62.49,-16.33,362.82
-62.49,-16.34,364.64
-62.49,-16.34,364.27
-62.49,-16.34,362.92
-62.47,-15.60,362.06
-62.44,-14.73,361.97
-62.41,-14.07,362.49
-62.41,-13.96,363.51
-62.41,-13.97,364.49
-62.41,-13.96,364.36
-62.41,-13.97,361.83
-62.41,-13.97,359.12
-62.40,-13.99,358.05
-62.41,-13.95,358.45
-62.41,-13.96,358.63
-62.41,-13.95,358.43
-62.42,-13.22,358.66
-62.45,-12.05,359.25
-62.46,-10.45,360.34
-62.43,-9.22,361.63
-62.41,-8.55,361.87
-62.40,-8.20,362.28
-62.40,-8.20,362.19
-62.40,-8.20,362.38
-62.40,-8.20,362.20
-62.40,-8.20,362.12
-62.40,-8.20,361.96
-62.40,-8.20,361.81
-62.40,-8.26,361.93
-62.41,-8.52,361.99
-62.41,-8.69,362.18
-62.42,-8.97,362.33
-62.43,-9.12,362.32
-62.44,-9.37,362.42
-62.45,-9.54,362.52
-62.46,-9.71,362.60
-62.46,-9.76,362.58
-62.46,-9.78,362.57
-62.46,-9.77,362.56
-62.46,-9.77,362.58
-62.46,-9.77,362.58
-62.46,-9.77,362.58
-62.46,-9.77,362.58
-62.46,-9.77,362.58
-62.46,-9.77,362.58
-62.46,-9.77,362.58
-62.46,-9.77,362.59
-62.46,-9.77,362.59
-62.46,-9.77,362.59
-62.46,-9.77,362.59
-62.46,-9.77,362.61
-62.46,-9.77,362.61
-62.46,-9.77,362.62
-62.46,-9.77,362.62
-62.46,-9.77,362.63
-62.46,-9.77,362.63
-62.46,-9.77,362.63
-62.46,-9.77,362.63
-62.46,-9.77,362.62
-62.46,-9.77,362.62
-62.46,-9.77,362.62
-62.46,-9.77,362.62
-62.46,-9.77,362.62
-62.46,-9.77,362.63
-62.46,-9.77,362.63
-62.46,-9.77,362.63
-62.46,-9.77,362.63
-62.46,-9.77,362.64
-62.46,-9.77,362.63
-62.46,-9.77,362.63
-62.46,-9.77,362.64