28.00,46.80,90.00
28.00,46.80,90.00
28.00,46.80,90.01
28.00,46.80,90.03
28.02,46.80,89.98
28.02,46.80,89.99
28.02,46.80,89.97
28.02,46.80,89.99
28.02,46.80,89.98
28.02,46.80,89.98
28.02,46.80,89.98
28.02,46.80,89.99
28.02,46.80,89.99
28.02,46.80,89.99
28.02,46.80,89.99
28.02,46.80,89.99
28.02,46.80,89.99
28.02,46.80,89.99
28.02,46.80,89.98
28.02,46.80,89.99
28.02,46.80,89.99
28.02,46.80,89.99
28.29,46.80,89.98
28.69,46.80,90.02
29.53,46.80,90.05
30.21,46.80,90.09
31.28,46.80,90.21
31.99,46.79,90.26
33.00,46.79,90.32
33.56,46.78,90.53
34.55,46.77,91.54
35.25,46.73,94.30
36.52,46.59,98.24
37.45,46.42,103.31
38.93,45.98,109.27
39.88,45.59,116.06
41.31,44.78,123.62
42.61,43.75,131.85
43.46,42.87,139.83
44.56,41.42,145.65
45.26,40.32,148.84
46.20,38.75,149.17
46.87,37.65,147.74
47.91,36.07,145.50
48.75,34.90,143.12
50.16,33.08,141.75
51.18,31.79,141.39
52.70,29.88,141.63
53.60,28.73,141.87
54.84,27.16,141.69
55.55,26.27,141.29
56.50,25.09,141.14
57.14,24.29,141.16
58.07,23.14,141.17
58.69,22.36,141.40
59.60,21.22,141.59
60.18,20.48,141.79
60.73,19.80,141.42
60.83,19.67,140.49
60.81,19.69,139.99
60.78,19.72,140.15
60.77,19.74,140.99
60.91,19.55,143.71
61.18,19.16,147.21
61.41,18.77,151.34
61.74,18.11,156.33
61.92,17.65,161.90
62.10,16.97,167.39
62.18,16.55,172.08
62.21,16.26,174.38
62.22,16.21,174.78
62.22,16.24,174.47
62.22,16.24,174.39
62.23,16.13,174.30
62.28,15.60,174.26
62.40,14.36,175.05
62.43,13.90,177.07
62.44,13.69,177.90
62.44,13.70,178.67
62.44,13.70,179.40
62.44,13.70,179.71
62.44,13.15,179.64
62.45,12.16,179.25
62.46,11.45,178.89
62.47,11.20,179.04
62.47,11.18,179.09
62.47,11.11,178.45
62.47,11.04,176.70
62.47,11.06,174.97
62.47,11.06,174.47
62.47,11.07,175.39
62.47,11.06,175.31
62.47,11.06,174.33
62.47,11.06,173.87
62.55,10.35,174.12
62.67,9.12,174.59
62.74,8.25,175.41
62.82,7.05,177.44
62.84,6.40,179.34
62.84,5.96,180.17
62.84,5.95,180.37
62.84,5.96,180.82
62.84,5.95,180.95
62.84,5.97,180.24
62.84,5.95,179.17
62.85,5.69,177.84
62.89,4.79,177.04
62.92,4.19,176.66
62.97,3.39,176.70
62.97,3.35,177.32
62.97,3.35,177.55
62.97,3.35,177.14
62.97,3.35,176.20
62.99,3.05,176.38
63.00,2.93,177.31
63.00,2.94,177.82
63.02,2.43,177.93
63.04,1.74,179.33
63.04,0.72,179.96
63.04,-0.31,180.07
63.04,-1.42,180.61
63.02,-2.24,180.84
63.00,-3.60,180.85
62.99,-4.54,181.04
62.96,-6.06,181.17
62.94,-7.11,181.35
62.90,-8.76,181.53
62.87,-9.78,181.79
62.81,-11.38,182.03
62.77,-12.48,182.15
62.73,-13.67,182.40
62.73,-13.70,182.65
62.73,-13.69,182.65
62.73,-13.68,182.58
62.73,-13.65,182.55
62.75,-13.22,182.89
62.78,-12.49,182.77
62.80,-12.13,182.49
62.83,-11.51,182.41
62.85,-11.02,182.18
62.87,-10.34,181.93
62.89,-9.87,181.85
62.91,-9.17,181.74
62.92,-8.68,181.63
62.94,-7.95,181.57
62.96,-7.43,181.56
62.98,-6.73,181.48
62.99,-6.25,181.35
63.01,-5.50,181.29
63.02,-4.98,181.22
63.03,-4.22,181.07
63.04,-3.75,180.94
63.05,-2.98,180.89
63.06,-2.49,180.83
63.07,-1.73,180.75
63.08,-1.18,180.69
63.09,-0.44,180.57
63.09,0.08,180.45
63.10,0.84,180.37
63.10,1.34,180.47
63.10,1.30,180.49
63.10,1.30,180.40
63.10,1.26,180.32
63.10,1.26,180.44
63.10,1.28,180.49
63.10,1.28,180.48
63.10,1.28,180.43
63.10,1.28,180.46
63.10,1.28,180.45
62.38,-17.00,180.03
62.38,-17.01,180.23
62.37,-17.40,181.50
62.35,-17.82,183.14
62.29,-18.78,184.66
62.22,-19.56,186.04
62.05,-20.97,187.25
61.91,-21.98,188.13
61.67,-23.64,188.69
61.49,-24.74,189.07
61.23,-26.34,189.34
61.09,-27.22,189.57
60.92,-28.21,189.88
60.82,-28.72,192.91
60.66,-29.30,199.10
60.52,-29.62,206.80
60.27,-30.08,212.75
60.10,-30.30,219.15
59.75,-30.67,227.14
59.58,-30.81,236.83
59.33,-30.95,248.13
59.16,-30.99,260.63
59.05,-31.00,273.87
58.94,-30.98,286.08
58.98,-31.00,292.88
59.10,-31.05,294.02
59.14,-31.07,292.61
58.87,-30.96,291.18
58.02,-30.64,290.63
57.15,-30.31,290.38
55.47,-29.70,289.88
54.13,-29.22,289.15
51.88,-28.45,288.85
50.21,-27.88,289.06
47.42,-26.91,289.21
45.35,-26.19,289.18
42.19,-25.09,289.11
40.02,-24.34,289.09
36.55,-23.14,289.07
34.20,-22.33,288.90
30.58,-21.10,288.50
28.25,-20.33,287.90
24.99,-19.32,286.51
23.21,-18.85,282.26
20.64,-18.45,274.29
19.33,-18.46,263.73
17.97,-18.77,250.41
17.34,-19.09,234.39
16.95,-19.45,216.26
16.96,-19.42,196.68
16.99,-19.01,176.66
16.84,-18.34,158.53
16.06,-16.94,143.83
15.28,-16.08,132.66
13.90,-14.94,126.69
13.00,-14.31,123.74
12.44,-13.94,124.55
12.52,-14.00,125.11
12.51,-13.98,125.54
12.48,-13.97,126.50
12.51,-13.98,126.73
12.51,-13.99,126.48
12.51,-13.99,126.73
12.52,-13.99,126.66
12.52,-13.99,126.89
12.77,-14.19,128.19
13.07,-14.44,130.26
13.29,-14.62,131.24
13.29,-14.62,131.34
13.32,-14.64,130.82
13.34,-14.66,130.78
13.44,-14.75,131.00
13.54,-14.84,131.11
13.70,-14.98,131.13
13.79,-15.05,131.18
13.89,-15.14,131.22
13.91,-15.16,131.32
13.93,-15.17,131.37
13.92,-15.17,131.36
13.90,-15.15,131.32
13.90,-15.15,131.29
13.91,-15.16,131.16
13.95,-15.20,131.21
14.01,-15.25,131.38
14.00,-15.24,131.39
13.99,-15.23,131.33
13.99,-15.23,131.31
13.99,-15.23,131.29
14.01,-15.25,131.14
14.02,-15.26,131.18
14.02,-15.25,131.28
14.00,-15.24,131.31
13.99,-15.23,131.28
14.00,-15.24,131.28
14.04,-15.28,131.13
14.03,-15.27,131.20
14.03,-15.27,131.23
14.03,-15.26,131.22
14.03,-15.26,131.20
14.03,-15.26,131.23
14.03,-15.26,131.20
14.04,-15.27,131.18
14.03,-15.27,131.24
14.03,-15.26,131.24
14.02,-15.26,131.23
14.03,-15.26,131.23
14.03,-15.27,131.20
14.04,-15.27,131.19
14.03,-15.27,131.27
14.03,-15.26,131.23
14.02,-15.26,131.21
14.03,-15.26,131.24
14.03,-15.26,131.21
14.03,-15.26,131.17
14.03,-15.26,131.08
14.04,-15.27,131.22
14.03,-15.27,131.24
14.03,-15.27,131.21
14.03,-15.27,131.22
14.03,-15.27,131.21
14.03,-15.27,131.21
14.03,-15.27,131.21
14.03,-15.26,131.22
14.03,-15.26,131.21
14.03,-15.26,131.21
14.03,-15.26,131.21
14.03,-15.26,131.22
14.03,-15.26,131.22
14.03,-15.26,131.23
14.03,-15.26,131.22
14.03,-15.26,131.21
14.03,-15.27,131.17
14.03,-15.27,131.18
14.03,-15.27,131.23
14.23,-15.44,131.03
14.46,-15.64,131.23
15.23,-16.32,131.48
15.95,-16.96,131.55
17.20,-18.06,131.64
18.24,-19.00,131.96
19.97,-20.56,132.32
21.26,-21.75,132.61
23.42,-23.73,132.61
24.90,-25.08,132.48
27.42,-27.39,132.45
29.11,-28.94,132.59
31.86,-31.48,132.88
33.64,-33.15,132.96
36.33,-35.65,133.08
38.12,-37.34,133.08
40.97,-39.98,132.62
42.68,-41.56,132.49
45.72,-44.32,131.85
47.64,-45.99,130.16
50.08,-47.98,128.17
51.42,-49.00,126.63
52.74,-49.96,125.05
53.15,-50.24,123.33
53.26,-50.31,122.25
53.26,-50.31,121.77
53.27,-50.32,121.40
53.16,-50.25,121.27
52.48,-49.83,121.78
51.96,-49.50,122.32
51.42,-49.17,122.13
51.17,-49.01,121.57
50.74,-48.75,120.44
50.50,-48.62,116.18
50.18,-48.48,109.61
49.94,-48.41,101.57
49.67,-48.38,93.90
49.45,-48.37,89.17
49.33,-48.38,88.14
49.58,-48.37,88.05
50.31,-48.34,88.20
51.10,-48.32,88.29
52.52,-48.28,88.40
53.54,-48.25,88.59
55.35,-48.21,88.75
56.49,-48.19,89.23
57.95,-48.15,87.64
58.71,-48.11,86.86
58.38,-48.13,87.03
58.31,-48.13,86.67
58.05,-48.14,87.09
58.11,-48.14,87.16
58.30,-48.13,87.17
58.31,-48.13,87.19
58.30,-48.13,87.26
58.31,-48.13,87.25
58.31,-48.13,87.25
58.31,-48.13,87.28
58.31,-48.13,87.33
58.31,-48.13,87.30
58.32,-48.13,87.36
58.33,-48.13,87.41
58.34,-48.13,87.44
58.34,-48.13,87.47
58.34,-48.13,87.48
58.34,-48.13,87.47
58.34,-48.13,87.53
58.35,-48.13,87.50
58.35,-48.13,87.54
58.35,-48.13,87.53
58.35,-48.13,87.51
58.35,-48.13,87.51
58.35,-48.13,87.54
57.95,-48.15,87.64
57.29,-48.17,87.51
56.15,-48.23,87.17
55.02,-48.29,87.03
53.23,-48.38,86.99
52.15,-48.44,86.89
50.64,-48.51,87.70
50.04,-48.53,89.12
49.44,-48.53,89.80
49.28,-48.53,89.54
49.13,-48.53,89.63
49.11,-46.02,89.72
49.16,-46.02,90.98
49.18,-46.02,96.32
49.36,-46.05,105.32
49.39,-46.07,118.09
49.46,-46.11,134.06
49.46,-46.12,151.50
49.46,-46.11,168.58
49.46,-46.20,180.49
49.48,-45.95,185.55
49.49,-45.91,184.92
49.50,-45.72,183.27
49.50,-45.63,181.86
49.50,-45.84,181.02
49.49,-46.33,181.22
49.47,-47.36,181.57
49.43,-48.33,182.03
49.37,-49.92,182.38
49.33,-50.98,182.68
49.25,-52.58,182.91
49.20,-53.52,183.11
49.14,-54.60,183.13
49.11,-55.17,183.34
49.05,-55.89,187.14
48.96,-56.37,194.16
48.63,-57.31,203.24
48.29,-57.94,213.56
47.44,-58.99,224.72
46.68,-59.61,236.54
45.42,-60.26,248.53
44.59,-60.50,259.79
43.61,-60.60,268.16
43.31,-60.60,271.93
43.27,-60.60,272.07
43.30,-60.60,271.61
43.34,-60.60,271.17
43.33,-60.60,271.17
43.32,-60.60,271.32
43.32,-60.60,271.25
43.32,-60.60,271.06
43.32,-60.60,270.86
43.32,-60.60,270.91
43.02,-60.60,270.91
42.47,-60.59,271.71
41.36,-60.55,271.84
40.29,-60.52,271.99
38.49,-60.45,272.19
37.08,-60.40,272.17
34.60,-60.30,272.12
32.81,-60.24,272.01
29.81,-60.14,271.89
27.69,-60.07,271.86
24.32,-59.96,271.93
21.93,-59.87,272.06
18.24,-59.73,272.33
15.68,-59.62,272.61
11.73,-59.43,272.82
9.06,-59.30,272.97
4.97,-59.08,273.12
2.12,-58.92,273.27
-2.02,-58.68,273.38
-4.84,-58.52,273.29
-9.11,-58.28,273.14
-11.97,-58.12,272.91
-16.37,-57.91,272.71
-19.21,-57.78,272.49
-23.44,-57.60,272.22
-26.37,-57.50,271.87
-30.78,-57.37,271.57
-33.68,-57.29,271.30
-38.07,-57.21,270.88
-40.51,-57.18,270.04
-43.70,-57.23,268.30
-45.69,-57.32,266.36
-48.32,-57.53,264.75
-49.61,-57.66,263.80
-51.10,-57.83,262.94
-51.84,-57.92,262.06
-52.23,-57.98,261.43
-52.22,-57.98,261.20
-52.04,-57.95,261.34
-51.80,-57.91,261.46
-51.53,-57.87,261.42
-51.35,-57.85,261.44
-51.11,-57.81,261.37
-50.97,-57.79,261.61
-50.85,-57.77,263.58
-50.81,-57.77,265.75
-50.78,-57.77,267.06
-50.77,-57.77,267.53
-50.76,-57.77,267.39
-50.76,-56.38,267.26
-50.77,-56.38,267.27
-50.71,-56.38,266.27
-50.29,-56.33,261.85
-49.78,-56.23,254.85
-48.91,-55.92,246.90
-48.13,-55.52,238.14
-46.85,-54.59,230.38
-45.96,-53.77,224.27
-44.65,-52.32,220.30
-43.42,-50.81,217.62
-42.73,-49.87,216.20
-41.81,-48.66,218.50
-41.23,-48.00,224.78
-40.41,-47.29,234.43
-39.92,-47.01,246.78
-39.35,-46.85,259.99
-38.93,-46.82,271.58
-38.19,-46.89,278.60
-37.59,-46.99,281.08
-36.73,-47.15,279.07
-36.04,-47.24,275.62
-35.02,-47.31,272.52
-34.15,-47.33,270.69
-33.11,-47.33,269.80
-32.26,-47.35,271.72
-30.83,-47.40,272.24
-29.81,-47.44,272.38
-27.93,-47.52,272.44
-27.00,-47.56,272.72
-27.29,-47.54,271.98
-27.27,-47.54,270.73
-27.22,-47.54,271.20
-27.12,-47.55,271.26
-27.29,-47.54,270.85
-27.24,-47.55,271.01
-27.24,-47.55,270.83
-27.23,-47.55,270.86
-27.22,-47.55,270.85
-27.22,-47.55,270.85
-27.22,-47.55,270.84
-27.22,-47.55,270.83
-27.22,-47.55,270.85
-27.22,-47.55,270.84
-27.22,-47.55,270.84
-27.21,-47.55,270.84
-27.21,-47.55,270.83
-27.21,-47.55,270.82
-27.21,-47.55,270.83
-27.21,-47.55,270.83
-27.21,-47.55,270.82
-27.21,-47.55,270.80
-27.21,-47.55,270.85
-27.21,-47.55,270.82
-27.21,-47.55,270.82
-27.21,-47.55,270.81
-27.21,-47.55,270.81
-27.21,-47.55,270.81
-27.21,-47.55,270.82
-27.21,-47.55,270.81
-27.21,-47.55,270.82
-27.21,-47.55,270.81
-27.21,-47.55,270.82
-27.20,-47.55,270.80
-27.20,-47.55,270.81
-27.20,-47.55,270.80
-27.20,-47.55,270.79
-27.20,-47.55,270.80
-27.20,-47.55,270.79
-27.20,-47.55,270.79
-27.20,-47.55,270.79
-27.20,-47.55,270.80
-27.20,-47.55,270.79
-27.20,-47.55,270.79
-27.20,-47.55,270.79
-27.20,-47.55,270.80
-27.20,-47.55,270.80
-27.20,-47.55,270.80
-27.20,-47.55,270.80
-27.20,-47.55,270.80
-27.20,-47.55,270.80
-27.20,-47.55,270.81
-27.20,-47.55,270.82
-27.22,-47.55,270.80
-28.03,-46.80,270.02
-28.10,-46.80,269.99
-28.61,-46.80,269.48
-29.62,-46.82,269.04
-30.58,-46.83,269.43
-32.54,-46.84,270.08
-34.04,-46.83,270.64
-36.63,-46.79,271.06
-38.47,-46.75,271.41
-41.28,-46.68,271.28
-43.11,-46.65,270.49
-45.84,-46.66,269.29
-47.56,-46.69,268.41
-50.06,-46.77,267.99
-51.21,-46.81,268.91
-52.13,-46.82,269.27
-52.77,-46.83,269.43
-52.98,-46.83,269.69
-52.90,-46.83,269.73
-52.92,-46.83,269.59
-52.92,-46.83,269.56
-52.92,-46.83,269.58
-52.92,-46.83,269.56
-52.92,-46.83,269.56
-52.92,-46.83,269.57
-52.92,-46.83,269.56
-52.92,-46.83,269.55
-52.92,-46.83,269.56
-52.92,-46.83,269.56
-52.92,-46.83,269.55
-52.92,-46.83,269.56
-52.92,-46.83,269.55
-52.92,-46.83,269.57
-52.92,-46.83,269.57
-52.92,-46.83,269.58
-52.92,-46.83,269.58
-52.92,-46.83,269.58
-52.92,-46.83,269.59
-52.92,-46.83,269.57
-52.92,-46.83,269.58
-52.92,-46.83,269.59
-52.92,-46.83,269.61
-52.92,-46.83,269.60
-52.92,-46.83,269.59
-52.92,-46.83,269.60
-52.92,-46.83,269.60
-52.92,-46.83,269.61
-52.92,-46.83,269.61
-52.92,-46.83,269.61
-52.92,-46.83,269.61
-52.92,-46.83,269.62
-52.92,-46.83,269.61
-52.92,-46.83,269.61
-52.92,-46.83,269.61
-52.92,-46.83,269.61
-52.92,-46.83,269.62
-52.92,-46.83,269.63
-52.92,-46.83,269.63
-52.44,-46.83,269.75
-51.62,-46.83,269.61
-50.27,-46.81,268.97
-49.21,-46.78,268.45
-47.26,-46.74,268.92
-45.90,-46.72,269.72
-43.70,-46.72,270.52
-42.14,-46.75,271.29
-39.73,-46.81,271.52
-38.08,-46.85,271.49
-35.51,-46.92,271.46
-33.83,-46.96,271.22
-31.39,-47.01,270.90
-29.88,-47.03,270.71
-27.78,-47.05,270.34
-27.64,-47.05,268.69
-27.74,-47.05,269.43
-27.54,-47.05,268.90
-27.58,-47.05,268.92
-27.58,-47.05,268.97
-27.59,-47.05,268.94
-27.59,-47.05,268.96
-27.59,-47.05,268.96
-27.59,-47.05,268.95
-27.59,-47.05,268.97
-27.62,-47.05,268.82
-27.66,-47.05,268.99
-27.66,-47.05,268.97
-27.66,-47.05,268.95
-27.66,-47.05,268.96
-27.66,-47.05,268.96
-27.67,-47.05,268.95
-27.67,-47.05,268.96
-27.67,-47.05,268.96
-27.67,-47.05,268.96
-27.67,-47.05,268.95
-27.67,-47.05,268.95
-27.67,-47.05,268.94
-27.67,-47.05,268.94
-27.67,-47.05,268.94
-27.67,-47.05,268.94
-27.67,-47.05,268.95
-27.67,-47.05,268.95
-27.67,-47.05,268.97
-27.67,-47.05,268.96
-27.67,-47.05,268.97
-27.67,-47.05,268.96
-27.67,-47.05,268.97
-27.67,-47.05,268.96
-27.67,-47.05,268.98
-27.67,-47.05,268.98
-27.67,-47.05,268.98
-27.67,-47.05,268.97
-27.67,-47.05,268.98
-27.67,-47.05,268.98
-27.67,-47.05,268.98
-27.67,-47.05,268.97
-27.67,-47.05,268.97
-28.00,-46.80,270.00
-28.15,-46.80,269.96
-28.60,-46.80,269.91
-29.17,-46.80,270.20
-29.62,-46.80,270.47
-30.64,-46.79,270.52
-31.33,-46.78,270.74
-32.27,-46.77,270.86
-32.89,-46.76,271.01
-33.72,-46.74,271.31
-34.42,-46.72,273.09
-35.62,-46.62,276.47
-36.52,-46.48,280.98
-38.05,-46.11,286.51
-39.05,-45.75,292.89
-40.48,-45.04,300.27
-41.41,-44.41,308.56
-42.72,-43.20,316.19
-43.53,-42.27,321.50
-44.74,-40.66,324.28
-45.51,-39.58,324.55
-46.71,-37.92,323.33
-47.54,-36.84,321.41
-49.00,-35.07,319.95
-50.04,-33.85,319.31
-51.77,-31.84,319.20
-52.95,-30.47,319.34
-54.80,-28.32,319.52
-55.99,-26.92,319.77
-57.43,-25.21,319.52
-58.33,-24.18,318.37
-59.64,-22.73,317.53
-60.38,-21.92,317.25
-61.00,-21.27,315.40
-61.12,-21.15,312.33
-61.11,-21.16,310.54
-61.11,-21.16,310.04
-61.11,-21.16,310.15
-61.11,-21.16,310.16
-61.11,-21.16,310.17
-61.11,-21.16,310.19
-61.11,-21.16,310.18
-61.11,-21.16,310.20
-61.07,-21.19,310.26
-60.91,-21.33,310.26
-60.61,-21.58,310.20
-60.44,-21.72,310.11
-60.32,-21.83,310.01
-60.24,-21.89,310.05
-60.12,-22.00,310.00
-59.99,-22.10,309.97
-59.84,-22.23,309.89
-59.74,-22.31,309.89
-59.60,-22.43,309.85
-59.53,-22.48,309.84
-59.47,-22.54,310.10
-59.59,-22.43,312.32
-60.03,-22.00,316.45
-60.36,-21.62,321.66
-60.85,-20.92,328.35
-61.12,-20.41,335.50
-61.41,-19.69,342.02
-61.58,-19.10,347.01
-61.61,-18.95,349.48
-61.62,-18.90,349.75
-61.62,-18.91,349.42
-61.61,-18.94,349.31
-61.62,-18.93,349.32
-61.77,-18.12,349.13
-61.90,-17.41,349.29
-62.21,-15.79,349.59
-62.30,-15.23,352.24
-62.31,-15.19,356.01
-62.31,-15.21,357.97
-62.31,-15.21,359.50
-62.31,-15.22,360.80
-62.31,-15.22,360.94
-62.31,-15.23,360.66
-62.30,-13.97,360.03
-62.30,-13.39,359.56
-62.31,-12.76,359.62
-62.31,-12.69,360.05
-62.31,-12.70,360.12
-62.31,-12.67,360.13
-62.31,-12.61,360.08
-62.31,-12.00,359.34
-62.32,-11.51,359.23
-62.32,-11.46,359.15
-62.32,-11.47,360.03
-62.32,-11.47,360.94
-62.32,-11.44,361.13
-62.32,-11.43,361.28
-62.29,-10.25,361.01
-62.28,-9.61,360.96
-62.27,-8.78,361.02
-62.26,-8.34,361.20
-62.25,-7.73,361.30
-62.24,-7.42,361.30
-62.23,-7.10,361.22
-62.23,-7.06,361.16
-62.24,-7.18,361.25
-62.24,-7.26,361.19
-62.24,-7.30,361.29
-62.24,-7.30,361.27
-62.24,-7.30,361.26
-62.24,-7.29,361.27
-62.24,-7.29,361.26
-62.24,-7.29,361.26
-62.24,-7.29,361.26
-62.24,-7.29,361.25
-62.24,-7.29,361.25
-62.24,-7.29,361.25
-62.24,-7.29,361.26
-62.24,-7.29,361.26
-62.24,-7.29,361.26
-62.24,-7.29,361.25
-62.24,-7.29,361.27
-62.24,-7.29,361.27
-62.24,-7.29,361.28
-62.24,-7.29,361.28
-62.24,-7.29,361.27
-62.24,-7.29,361.27
-62.24,-7.29,361.26
-62.24,-7.29,361.26
-62.24,-7.29,361.27
-62.24,-7.29,361.27
-62.24,-7.29,361.27
-62.24,-7.29,361.28
-62.24,-7.29,361.29
-62.24,-7.29,361.28
-62.24,-7.29,361.28
-62.24,-7.29,361.29
-62.24,-7.29,361.30
-62.24,-7.29,361.29
-62.24,-7.29,361.30
-62.24,-7.29,361.29
-62.24,-7.29,361.31