-48.20,-20.00,180.00
-48.20,-20.00,179.95
-48.20,-20.17,178.56
-48.18,-20.56,176.11
-48.15,-20.95,172.32
-48.01,-21.69,167.69
-47.86,-22.29,162.70
-47.44,-23.46,158.60
-47.05,-24.38,156.28
-46.33,-25.98,155.38
-45.50,-27.78,155.18
-44.91,-29.06,155.38
-43.99,-31.08,155.67
-43.35,-32.50,155.77
-42.37,-34.68,155.83
-41.71,-36.16,155.75
-40.73,-38.33,155.66
-40.06,-39.80,155.49
-39.03,-42.06,155.41
-38.38,-43.49,155.53
-37.74,-44.89,155.72
-37.38,-45.70,155.59
-36.83,-46.89,155.37
-36.52,-47.57,156.69
-36.38,-47.94,161.66
-36.32,-48.20,168.14
-36.18,-49.22,178.60
-36.20,-49.47,192.09
-36.30,-49.73,208.05
-36.48,-49.97,226.12
-36.63,-50.08,245.13
-36.74,-50.11,262.32
-36.78,-50.12,274.25
-36.61,-50.14,279.50
-36.41,-50.17,278.88
-36.23,-50.20,276.49
-36.17,-50.20,274.39
-36.11,-50.21,272.99
-36.40,-50.20,272.10
-37.32,-50.16,272.20
-38.10,-50.13,272.76
-39.76,-50.04,273.03
-40.98,-49.98,273.25
-43.12,-49.85,273.59
-44.63,-49.75,273.98
-46.96,-49.58,274.46
-48.45,-49.46,274.84
-50.22,-49.30,275.14
-51.08,-49.22,274.83
-51.89,-49.17,272.49
-52.15,-49.16,270.24
-52.35,-49.16,269.62
-52.40,-49.16,270.07
-52.43,-49.16,270.59
-52.68,-49.16,270.70
-53.25,-49.15,270.82
-53.84,-49.14,270.81
-54.77,-49.13,270.92
-55.28,-49.12,270.96
-56.18,-49.11,270.92
-56.84,-49.09,271.05
-57.26,-49.09,270.98
-57.26,-49.09,270.58
-57.17,-49.09,270.64
-57.25,-49.09,270.76
-57.27,-49.09,270.74
-57.27,-49.09,270.74
-57.27,-49.09,270.75
-57.20,-49.09,270.87
-56.30,-49.10,270.85
-55.54,-49.11,270.73
-54.35,-49.13,270.58
-53.25,-49.14,270.62
-51.64,-49.15,270.66
-50.73,-49.16,269.84
-49.10,-49.13,268.19
-47.97,-49.08,266.72
-46.09,-48.96,265.72
-44.65,-48.84,264.70
-42.36,-48.61,263.95
-40.83,-48.44,264.27
-38.59,-48.24,265.65
-37.18,-48.16,267.16
-34.97,-48.08,268.65
-33.46,-48.05,269.49
-31.09,-48.04,269.75
-30.31,-48.07,276.75
-29.75,-48.17,284.44
-29.82,-48.15,284.04
-29.82,-48.15,283.25
-29.78,-48.16,283.34
-29.78,-48.16,283.23
-29.78,-48.16,283.35
-29.78,-48.16,283.27
-29.78,-48.16,283.24
-29.78,-48.16,283.30
-29.79,-48.16,283.25
-29.79,-48.16,283.23
-29.78,-48.16,283.22
-29.78,-48.16,283.20
-29.78,-48.16,283.18
-29.78,-48.16,283.18
-29.87,-48.14,283.26
-29.87,-48.14,283.24
-29.87,-48.14,283.21
-29.87,-48.14,283.18
-29.87,-48.14,283.22
-29.87,-48.14,283.19
-30.08,-48.09,283.13
-30.48,-48.00,283.29
-31.21,-47.82,283.40
-31.72,-47.70,283.39
-32.75,-47.46,283.52
-33.44,-47.29,283.68
-34.52,-47.00,286.91
-35.15,-46.77,294.02
-36.06,-46.27,304.01
-36.70,-45.74,315.93
-37.55,-44.64,328.70
-37.97,-43.70,342.31
-38.26,-42.25,355.81
-38.22,-41.37,368.10
-38.02,-40.46,376.86
-37.91,-40.14,381.37
-37.88,-40.06,382.31
-37.88,-40.08,381.82
-37.90,-40.12,381.27
-37.90,-40.12,381.06
-37.90,-40.11,381.23
-37.89,-40.08,383.44
-37.82,-39.93,387.67
-37.73,-39.78,393.37
-37.39,-39.33,399.45
-37.01,-38.92,405.10
-36.25,-38.21,408.53
-35.57,-37.63,410.13
-34.31,-36.59,410.79
-33.40,-35.84,409.75
-32.12,-34.71,407.31
-31.33,-33.94,404.50
-30.17,-32.70,401.80
-29.41,-31.82,399.75
-28.19,-30.31,398.13
-27.37,-29.24,396.68
-26.13,-27.53,395.26
-25.42,-26.48,393.12
-24.44,-24.88,389.86
-23.89,-23.87,386.62
-23.17,-22.32,383.37
-22.75,-21.26,379.99
-22.22,-19.61,375.20
-21.95,-18.36,369.42
-21.70,-16.25,364.32
-21.63,-14.75,360.78
-21.65,-12.05,358.64
-21.71,-10.22,358.26
-21.79,-7.34,358.61
-21.83,-5.32,359.22
-21.85,-2.19,360.00
-21.83,0.03,360.79
-21.77,3.32,361.39
-21.68,6.74,361.63
-21.61,8.96,361.64
-21.51,12.48,361.42
-21.47,14.67,360.93
-21.44,17.50,360.17
-21.44,19.23,359.51
-21.47,21.48,358.82
-21.50,22.46,358.19
-21.55,23.60,355.93
-21.62,24.23,350.48
-21.72,24.65,342.74
-21.83,24.91,332.72
-21.95,25.12,322.45
-21.94,25.11,315.22
-21.90,25.07,313.04
-21.86,25.03,313.32
-21.78,24.96,313.76
-21.78,24.96,313.99
-21.79,24.97,313.82
-21.90,25.08,313.43
-22.43,25.57,313.18
-23.00,26.10,312.74
-24.24,27.23,311.88
-25.21,28.08,310.92
-26.98,29.59,309.83
-28.28,30.65,308.83
-30.53,32.45,308.48
-32.15,33.74,308.58
-34.72,35.79,308.62
-36.52,37.23,308.73
-39.29,39.46,308.81
-41.17,40.97,308.88
-43.87,43.15,308.79
-45.45,44.42,308.64
-47.24,45.84,308.43
-47.84,46.31,308.23
-48.42,46.77,306.25
-48.76,46.98,300.00
-49.28,47.26,291.78
-49.15,47.21,284.93
-48.94,47.17,279.05
-48.78,47.15,274.64
-48.14,47.12,271.94
-47.30,47.10,270.00
-46.03,47.12,269.04
-45.04,47.13,269.62
-43.56,47.12,271.19
-42.61,47.09,272.83
-40.91,46.98,273.96
-39.61,46.88,274.64
-37.44,46.70,275.07
-35.86,46.56,274.90
-33.57,46.37,274.28
-32.18,46.28,273.27
-30.67,46.21,271.86
-30.79,46.21,271.61
-30.71,46.21,271.59
-30.66,46.21,271.43
-30.67,46.21,271.64
-30.67,46.21,271.56
-30.67,46.21,271.56
-30.67,46.21,271.53
-30.67,46.21,271.58
-30.67,46.21,271.57
-30.67,46.21,271.56
-30.67,46.21,271.57
-30.67,46.21,271.59
-30.65,46.21,271.58
-30.69,46.21,271.56
-30.69,46.21,271.55
-30.69,46.21,271.57
-30.70,46.21,271.55
-30.70,46.21,271.54
-30.70,46.21,271.53
-30.70,46.21,271.54
-30.70,46.21,271.53
-30.70,46.21,271.53
-30.70,46.21,271.54
-30.70,46.21,271.54
-30.70,46.21,271.54
-30.70,46.21,271.55
-30.70,46.21,271.56
-30.70,46.21,271.55
-31.04,46.22,271.58
-31.08,46.22,271.74
-31.26,46.22,271.83
-31.40,46.23,272.00
-31.44,46.23,272.29
-31.52,46.23,272.03
-31.53,46.23,272.04
-31.52,46.23,272.07
-31.52,46.23,272.06
28.00,46.80,272.07
27.74,46.81,271.01
27.25,46.81,269.74
26.05,46.80,269.68
24.97,46.80,270.02
22.96,46.80,269.91
21.31,46.78,269.09
18.68,46.73,268.82
16.75,46.70,269.30
13.42,46.67,269.64
11.14,46.66,269.71
7.53,46.64,269.78
5.01,46.63,269.79
1.55,46.61,269.50
0.13,46.59,268.31
0.08,46.59,266.50
0.21,46.60,264.78
0.53,46.63,264.31
0.56,46.64,263.31
0.58,46.64,263.54
0.66,46.65,263.35
0.92,46.68,263.10
0.93,46.68,262.88
1.34,46.73,262.41
1.63,46.77,262.12
1.88,46.81,262.31
2.00,46.82,262.38
2.14,46.84,262.34
2.15,46.84,262.31
2.15,46.84,262.33
2.15,46.84,262.33
2.16,46.84,262.36
2.16,46.84,262.38
2.16,46.84,262.38
2.16,46.84,262.37
2.16,46.84,262.39
2.16,46.84,262.41
2.16,46.84,262.42
2.16,46.84,262.44
2.16,46.84,262.44
2.16,46.84,262.45
2.16,46.84,262.44
2.16,46.84,262.46
2.16,46.84,262.46
2.16,46.84,262.47
2.16,46.84,262.46
2.16,46.84,262.47
2.16,46.84,262.48
2.16,46.84,262.47
2.16,46.84,262.49
2.16,46.84,262.49
2.16,46.84,262.49
2.16,46.84,262.49
2.16,46.84,262.50
2.16,46.84,262.50
2.16,46.84,262.52
2.16,46.84,262.50
2.16,46.84,262.50
2.16,46.84,262.51
2.16,46.84,262.49
2.16,46.84,262.50
2.16,46.84,262.50
2.16,46.84,262.51