-47.00,16.30,90.00
-47.00,16.30,89.99
-46.84,16.30,89.47
-46.10,16.30,90.65
-45.30,16.28,91.13
-43.72,16.26,90.87
-42.52,16.24,90.46
-40.64,16.23,90.18
-39.37,16.23,90.07
-37.88,16.23,90.15
-37.08,16.23,90.02
-36.21,16.23,89.75
-35.97,16.23,86.47
-35.70,16.26,79.58
-35.59,16.29,72.21
-35.53,16.31,67.02
-35.54,16.31,66.29
-35.54,16.31,67.19
-35.58,16.29,67.61
-35.58,16.29,67.31
-35.59,16.29,66.98
-35.59,16.29,67.07
-35.58,16.29,66.92
-35.25,16.43,66.67
-34.36,16.82,66.76
-33.39,17.23,67.21
-31.63,17.96,67.54
-30.23,18.53,67.82
-27.86,19.51,67.33
-26.29,20.18,66.76
-23.88,21.22,66.21
-22.45,21.86,66.04
-20.62,22.68,65.71
-19.74,23.08,65.20
-18.93,23.46,64.89
-18.83,23.50,64.73
-18.83,23.50,64.74
-18.95,23.44,64.99
-19.16,23.35,65.02
-19.27,23.30,65.08
-19.43,23.22,64.98
-19.52,23.18,65.08
-19.58,23.15,65.09
-19.59,23.15,65.12
-19.60,23.14,65.12
-19.58,23.15,65.13
-19.56,23.16,65.13
-19.56,23.16,64.90
-19.57,23.15,61.24
-19.63,23.12,53.80
-19.71,23.05,43.58
-19.77,22.97,31.42
-19.85,22.79,17.63
-19.88,22.63,2.54
-19.85,22.31,-13.45
-19.77,22.10,-29.53
-19.56,21.82,-41.80
-19.29,21.54,-46.72
-19.04,21.31,-46.49
-18.93,21.21,-44.53
-18.85,21.13,-43.02
-18.81,21.08,-42.44
-18.81,21.08,-42.57
-18.83,21.09,-42.41
-18.55,20.78,-40.03
-18.15,20.28,-36.92
-17.42,19.24,-34.25
-16.80,18.30,-32.81
-15.66,16.53,-32.37
-14.88,15.30,-32.49
-13.69,13.43,-32.60
-12.94,12.27,-32.88
-12.06,10.91,-33.09
-11.68,10.32,-33.92
-11.48,10.03,-35.10
-11.48,10.04,-35.24
-11.65,10.28,-35.04
-11.80,10.49,-34.99
-12.11,10.93,-35.52
-12.29,11.18,-35.88
-12.50,11.47,-35.72
-12.57,11.57,-35.68
-12.59,11.60,-35.66
-12.59,11.60,-35.73
-12.59,11.60,-35.79
-12.59,11.59,-35.67
-12.58,11.59,-35.67
-12.57,11.57,-35.71
-12.57,11.57,-35.71
-12.57,11.57,-35.71
-12.57,11.57,-35.73
-12.57,11.57,-35.72
-12.57,11.57,-35.73
-12.58,11.59,-35.89
-12.59,11.59,-35.84
-12.59,11.59,-35.79
-12.59,11.59,-35.75
-12.59,11.59,-35.78
-12.58,11.58,-35.76
-12.58,11.58,-35.80
-12.58,11.59,-35.85
-12.59,11.60,-35.82
-12.59,11.60,-35.71
-12.59,11.59,-35.74
-12.58,11.58,-35.78
-12.58,11.57,-35.75
-12.58,11.57,-35.77
-12.58,11.57,-35.77
-12.69,11.73,-36.16
-13.21,12.44,-36.05
-13.77,13.21,-36.32
-14.94,14.78,-37.07
-15.81,15.93,-37.38
-17.35,17.92,-37.98
-18.45,19.32,-38.27
-20.26,21.59,-39.09
-21.57,23.18,-39.62
-23.38,25.35,-40.00
-24.89,27.12,-41.12
-27.06,29.55,-42.75
-28.42,30.98,-44.50
-30.35,32.85,-47.26
-31.70,34.03,-50.26
-33.73,35.64,-52.70
-35.22,36.74,-54.66
-37.74,38.48,-56.10
-39.52,39.65,-56.91
-42.31,41.44,-57.62
-44.21,42.63,-58.94
-46.58,43.96,-62.90
-47.84,44.53,-69.42
-49.27,44.95,-78.25
-49.92,45.03,-87.82
-50.60,45.02,-94.27
-50.98,44.98,-95.16
-51.29,44.96,-92.54
-51.39,44.96,-89.53
-51.49,44.96,-88.21
-51.48,44.96,-89.04
-51.46,44.96,-89.63
-51.46,44.96,-89.67
-51.46,44.96,-89.51
-51.63,44.96,-89.83
-52.31,44.96,-89.84
-52.91,44.96,-89.97
-54.18,44.96,-90.13
-55.01,44.96,-90.52
-56.19,44.94,-91.17
-57.04,44.92,-91.41
-57.50,44.91,-91.55
-57.19,44.92,-91.71
-57.26,44.92,-91.53
-57.30,44.92,-91.44
-57.28,44.92,-91.28
-57.28,44.92,-91.20
-57.28,44.92,-91.17
-57.28,44.92,-91.14
-57.28,44.92,-91.14
-57.28,44.92,-91.11
-57.28,44.92,-91.10
-57.28,44.92,-91.09
-57.28,44.92,-91.12
-57.28,44.92,-91.08
-57.28,44.92,-91.07
-57.28,44.92,-91.06
-57.28,44.92,-91.02
-57.28,44.92,-91.04
-57.28,44.92,-91.00
-57.28,44.92,-90.97
-57.28,44.92,-90.97
-57.28,44.92,-90.94
-57.28,44.92,-90.96
-57.28,44.92,-90.96
-57.28,44.92,-90.97
-57.28,44.92,-90.97
-57.28,44.92,-90.95
-57.28,44.92,-90.98
-57.28,44.92,-90.96
-57.28,44.92,-90.93
-57.28,44.92,-90.94
-57.28,44.92,-90.94
-57.28,44.92,-90.95
-56.91,44.92,-90.73
-56.19,44.93,-90.83
-55.05,44.95,-91.07
-53.97,44.97,-90.93
-52.23,44.99,-90.76
-51.18,45.01,-90.86
-49.57,45.03,-90.72
-48.67,45.04,-90.62
-47.39,45.05,-90.54
-46.55,45.06,-90.47
-45.46,45.07,-90.39
-44.80,45.07,-90.32
-43.87,45.08,-90.33
-43.32,45.08,-90.26
-42.65,45.08,-90.19
-42.26,45.09,-90.14
-41.75,45.09,-90.09
-41.49,45.09,-90.05
-41.18,45.09,-90.04
-41.03,45.09,-90.00
-40.89,45.09,-90.00
-40.86,45.09,-90.06
-40.88,45.09,-90.02
-40.90,45.09,-90.01
-40.92,45.09,-89.99
-40.94,45.09,-89.96
-40.94,45.09,-89.95
-40.94,45.09,-89.93
-40.94,45.09,-89.92
-40.94,45.09,-89.91
-40.94,45.09,-89.90
-40.94,45.09,-89.91
-40.94,45.09,-89.90
-40.94,45.09,-89.90
-40.94,45.09,-89.90
-40.94,45.09,-89.90
-40.94,45.09,-89.90
-40.94,45.09,-89.90
-40.94,45.09,-89.89
-40.94,45.09,-89.89
-40.94,45.09,-89.89
-40.94,45.09,-89.89
-40.94,45.09,-89.88
-40.94,45.09,-89.89
-40.94,45.09,-89.89
-40.94,45.09,-89.89
-40.94,45.09,-89.89
-40.94,45.09,-89.89
-40.94,45.09,-89.89
-40.94,45.09,-89.89
-40.94,45.09,-89.89
-40.94,45.09,-89.88
-40.94,45.09,-89.88
-40.94,45.09,-89.88
-40.94,45.09,-89.89
-40.94,45.09,-89.89
-40.94,45.09,-89.88
-40.94,45.09,-89.88
-40.94,45.09,-89.88
-40.94,45.09,-89.88
-40.94,45.09,-89.88
-40.94,45.09,-89.89
-40.94,45.09,-89.88
-40.94,45.09,-89.8