-47.00,15.21,89.99
-46.79,15.21,89.78
-45.97,15.21,90.81
-45.08,15.19,91.40
-43.49,15.15,91.13
-42.27,15.14,90.56
-40.47,15.13,90.21
-39.27,15.12,90.04
-37.80,15.12,90.07
-37.09,15.12,89.95
-36.32,15.12,89.72
-36.13,15.13,86.81
-35.98,15.14,80.08
-35.99,15.14,72.29
-36.02,15.13,66.43
-36.08,15.10,65.33
-36.10,15.08,66.25
-36.15,15.07,66.92
-36.15,15.06,66.89
-36.04,15.11,66.53
-35.31,15.43,66.62
-34.46,15.79,67.42
-32.79,16.48,67.62
-31.51,17.00,67.65
-29.18,17.97,67.35
-27.58,18.65,66.85
-25.11,19.71,66.30
-23.52,20.42,66.04
-21.53,21.31,65.87
-20.58,21.73,65.62
-19.58,22.19,65.39
-19.37,22.29,65.21
-19.37,22.29,65.22
-19.44,22.25,65.37
-19.63,22.17,65.58
-19.75,22.11,65.55
-19.96,22.02,65.66
-20.06,21.97,65.73
-20.17,21.92,65.77
-20.22,21.90,65.72
-20.25,21.89,65.66
-20.24,21.89,65.65
-20.21,21.90,65.67
-20.20,21.91,65.69
-20.19,21.91,63.45
-20.27,21.87,57.08
-20.38,21.78,47.56
-20.51,21.64,35.86
-20.61,21.46,22.29
-20.69,21.15,7.27
-20.68,20.84,-8.71
-20.54,20.38,-25.13
-20.34,20.07,-38.90
-19.96,19.64,-45.44
-19.80,19.50,-46.03
-19.64,19.34,-44.49
-19.61,19.31,-43.23
-19.56,19.26,-42.67
-19.56,19.25,-42.76
-19.56,19.25,-42.86
-19.42,19.10,-42.83
-18.80,18.43,-43.00
-18.26,17.85,-43.22
-17.13,16.66,-43.45
-16.25,15.72,-43.17
-14.92,14.30,-43.09
-14.04,13.37,-42.94
-12.95,12.20,-42.99
-12.42,11.62,-42.84
-11.90,11.06,-42.88
-11.72,10.87,-42.90
-11.68,10.83,-42.86
-11.76,10.91,-42.93
-11.95,11.12,-42.92
-12.09,11.27,-42.87
-12.30,11.50,-42.84
-12.40,11.61,-42.67
-12.46,11.67,-42.58
-12.46,11.66,-42.59
-12.43,11.64,-42.63
-12.42,11.63,-42.70
-12.41,11.62,-42.71
-12.41,11.61,-42.70
-12.42,11.63,-42.69
-12.42,11.63,-42.68
-12.42,11.62,-42.69
-12.41,11.61,-42.72
-12.42,11.63,-42.70
-12.45,11.66,-42.59
-12.45,11.66,-42.62
-12.45,11.65,-42.67
-12.44,11.64,-42.71
-12.44,11.64,-42.69
-12.45,11.65,-42.64
-12.44,11.65,-42.67
-12.44,11.64,-42.70
-12.44,11.64,-42.68
-12.43,11.64,-42.69
-12.43,11.64,-42.69
-12.43,11.64,-42.68
-12.44,11.64,-42.67
-12.43,11.64,-42.67
-12.43,11.64,-42.67
-12.45,11.66,-41.80
-12.61,11.84,-39.52
-13.14,12.52,-37.63
-13.70,13.26,-36.36
-14.71,14.66,-35.31
-15.62,15.95,-35.28
-17.13,18.07,-35.78
-18.20,19.54,-36.14
-20.00,21.97,-37.05
-21.35,23.73,-37.82
-23.27,26.20,-38.14
-24.84,28.16,-39.19
-26.99,30.72,-41.05
-28.30,32.19,-42.64
-30.22,34.18,-45.42
-31.59,35.46,-48.40
-33.62,37.18,-50.93
-35.08,38.33,-52.65
-37.50,40.12,-54.34
-39.24,41.33,-55.46
-42.07,43.25,-56.39
-43.99,44.50,-57.55
-46.54,46.07,-60.42
-48.41,47.03,-66.25
-49.37,47.38,-75.19
-50.27,47.54,-85.43
-50.54,47.54,-92.87
-50.85,47.51,-94.98
-51.12,47.49,-94.33
-51.84,47.44,-93.85
-52.50,47.40,-93.87
-53.73,47.31,-93.99
-54.68,47.25,-94.01
-56.16,47.14,-94.14
-56.78,47.10,-93.92
-56.67,47.11,-95.10
-56.64,47.11,-96.07
-56.78,47.09,-96.96
-56.80,47.09,-97.37
-56.79,47.09,-97.67
-56.82,47.09,-97.86
-56.81,47.09,-97.91
-56.81,47.09,-97.92
-56.82,47.09,-97.92
-56.82,47.09,-97.92
-56.82,47.09,-97.95
-56.82,47.09,-97.95
-56.82,47.09,-97.94
-56.82,47.09,-97.94
-56.82,47.09,-97.93
-56.82,47.09,-97.93
-56.82,47.09,-97.92
-56.82,47.09,-97.93
-56.82,47.09,-97.92
-56.82,47.09,-97.93
-56.82,47.09,-97.92
-56.82,47.09,-97.93
-56.82,47.09,-97.93
-56.82,47.09,-97.93
-56.82,47.09,-97.93
-56.82,47.09,-97.93
-56.82,47.09,-97.93
-56.82,47.09,-97.93
-56.82,47.09,-97.92
-56.82,47.09,-97.92
-56.82,47.09,-97.93
-56.82,47.09,-97.93
-56.82,47.09,-97.93
-56.76,47.10,-97.81
-56.07,47.19,-97.42
-55.26,47.29,-97.36
-53.89,47.47,-97.45
-52.72,47.62,-97.30
-51.00,47.84,-97.33
-49.92,47.98,-97.20
-48.65,48.11,-93.11
-48.05,48.10,-85.42
-47.32,47.97,-73.94
-47.01,47.85,-59.46
-46.64,47.56,-44.00
-46.54,47.42,-26.47
-46.51,47.34,-9.36
-46.51,47.36,2.74
-46.52,47.28,7.46
-46.54,47.15,6.32
-46.55,47.04,3.75
-46.55,47.01,2.10
-46.54,47.21,1.59
-46.53,47.77,1.57
-46.49,49.06,1.52
-46.46,50.13,1.23
-46.44,51.28,0.81
-46.44,51.04,0.71
-46.44,51.04,0.67
-46.44,51.21,0.41
-46.44,51.28,0.01
-46.44,51.22,0.63
-46.44,51.22,0.76
-46.44,51.21,0.64
-46.44,51.21,0.74
-46.44,42.66,0.69
-46.44,42.65,0.67
-46.44,42.65,0.70
-46.44,42.65,0.71
-46.44,42.64,0.68
-46.44,42.64,0.69
-46.44,42.64,0.67
-46.44,42.64,0.67
-46.44,42.64,0.67
-46.44,42.64,0.66
-46.44,42.64,0.66
-46.44,42.64,0.65
-46.44,42.63,0.58
-46.44,42.56,0.46
-46.44,42.44,0.52
-46.44,42.34,0.55
-46.45,42.22,0.54
-46.45,42.16,0.57
-46.45,42.08,0.54
-46.45,42.05,0.55
-46.45,42.02,0.51
-46.45,42.02,0.51
-46.45,42.01,0.51
-46.45,42.00,0.52
-46.45,42.00,0.51