-47.00,16.30,90.00
-47.00,16.30,90.01
-46.72,16.30,89.88
-46.21,16.29,91.17
-45.04,16.27,91.57
-43.95,16.24,91.41
-42.21,16.20,90.96
-40.99,16.18,90.74
-39.18,16.16,90.64
-38.18,16.15,90.83
-36.98,16.13,90.83
-36.44,16.12,90.69
-35.95,16.12,88.04
-35.70,16.15,81.42
-35.51,16.19,73.31
-35.43,16.22,67.00
-35.49,16.19,65.22
-35.50,16.18,65.92
-35.57,16.15,66.47
-35.57,16.15,66.50
-35.57,16.15,66.32
-35.58,16.15,66.29
-35.57,16.15,66.38
-35.08,16.37,66.38
-34.44,16.65,66.07
-33.12,17.24,66.10
-31.99,17.73,66.21
-29.93,18.65,65.88
-28.42,19.33,65.57
-26.09,20.39,65.65
-24.50,21.10,65.81
-22.35,22.07,66.06
-21.11,22.61,66.12
-19.82,23.19,66.21
-19.20,23.46,66.54
-18.95,23.57,66.66
-18.95,23.57,66.74
-19.09,23.51,66.84
-19.21,23.45,66.78
-19.39,23.37,66.78
-19.51,23.32,66.69
-19.66,23.26,66.67
-19.72,23.23,66.62
-19.75,23.22,66.54
-19.75,23.22,66.57
-19.71,23.24,66.61
-19.69,23.25,66.62
-19.67,23.25,66.47
-19.69,23.25,63.17
-19.77,23.20,56.11
-19.82,23.16,46.17
-19.92,23.04,34.21
-19.97,22.94,20.63
-20.02,22.71,5.75
-20.01,22.47,-10.15
-19.89,22.08,-26.44
-19.72,21.84,-40.50
-19.39,21.50,-48.69
-19.17,21.33,-50.73
-18.91,21.11,-48.99
-18.82,21.03,-46.00
-18.71,20.91,-43.96
-18.65,20.85,-42.97
-18.57,20.77,-42.34
-18.37,20.53,-39.90
-17.81,19.83,-36.79
-17.30,19.11,-34.28
-16.36,17.68,-32.88
-15.64,16.56,-32.38
-14.48,14.72,-32.29
-13.73,13.54,-32.28
-12.69,11.90,-32.52
-12.16,11.08,-33.19
-11.63,10.28,-35.08
-11.57,10.19,-38.40
-11.74,10.41,-41.16
-11.85,10.53,-44.39
-11.97,10.64,-46.97
-11.99,10.66,-47.73
-12.00,10.67,-47.49
-11.99,10.66,-47.29
-11.98,10.64,-47.36
-12.01,10.68,-47.51
-12.15,10.80,-47.44
-12.26,10.91,-47.40
-12.43,11.07,-47.37
-12.53,11.15,-47.39
-12.62,11.23,-47.32
-12.63,11.24,-47.31
-12.62,11.24,-47.38
-12.61,11.22,-47.46
-12.60,11.22,-47.44
-12.60,11.21,-47.44
-12.60,11.21,-47.46
-12.60,11.21,-47.46
-12.60,11.21,-47.46
-12.60,11.21,-47.46
-12.60,11.21,-47.47
-12.60,11.21,-47.49
-12.59,11.21,-47.46
-12.59,11.21,-47.49
-12.59,11.21,-47.47
-12.59,11.21,-47.48
-12.59,11.21,-47.49
-12.59,11.21,-47.49
-12.58,11.20,-47.05
-12.76,11.37,-44.78
-13.01,11.65,-41.72
-13.65,12.40,-39.21
-14.20,13.09,-37.69
-15.31,14.55,-37.02
-16.20,15.73,-37.57
-17.70,17.65,-38.53
-18.83,19.04,-39.57
-20.67,21.24,-40.20
-21.95,22.74,-40.61
-24.06,25.18,-40.93
-25.56,26.90,-41.47
-27.81,29.40,-42.52
-29.29,30.96,-44.69
-31.35,32.97,-47.33
-32.64,34.08,-50.73
-34.70,35.68,-53.70
-36.17,36.72,-55.26
-38.58,38.37,-55.98
-40.32,39.53,-56.46
-43.02,41.30,-57.00
-44.70,42.37,-58.27
-47.11,43.79,-61.08
-48.43,44.47,-65.22
-50.13,45.16,-70.81
-51.04,45.42,-77.84
-51.99,45.56,-85.72
-52.38,45.57,-91.63
-52.70,45.55,-94.66
-52.74,45.55,-94.38
-52.76,45.55,-92.95
-52.75,45.55,-92.35
-52.75,45.55,-92.44
-52.75,45.55,-92.35
-53.09,45.54,-92.11
-53.54,45.52,-92.12
-54.55,45.48,-92.10
-55.28,45.46,-92.20
-56.05,45.42,-93.87
-56.60,45.37,-95.64
-57.58,45.27,-96.06
-57.79,45.25,-95.24
-57.69,45.26,-95.12
-57.70,45.25,-95.46
-57.70,45.25,-95.38
-57.70,45.25,-95.31
-57.70,45.25,-95.34
-57.70,45.25,-95.36
-57.70,45.25,-95.34
-57.70,45.25,-95.33
-57.70,45.25,-95.34
-57.70,45.25,-95.32
-57.70,45.25,-95.33
-57.70,45.25,-95.32
-57.70,45.25,-95.32
-57.70,45.25,-95.26
-57.70,45.25,-95.30
-57.70,45.25,-95.30
-57.70,45.25,-95.31
-57.70,45.25,-95.30
-57.70,45.25,-95.28
-57.70,45.25,-95.30
-57.70,45.25,-95.28
-57.70,45.25,-95.29
-57.70,45.25,-95.28
-57.70,45.25,-95.27
-57.70,45.25,-95.27
-57.70,45.25,-95.27
-57.70,45.25,-95.26
-57.70,45.25,-95.27
-57.51,45.27,-95.25
-56.51,45.37,-95.46
-56.10,45.41,-95.77
-54.90,45.53,-95.87
-53.93,45.63,-95.79
-52.64,45.76,-95.64
-51.82,45.84,-95.01
-51.11,45.89,-93.08
-50.84,45.90,-91.03
-50.68,45.90,-90.60
-50.62,48.67,-90.82
-50.62,48.67,-89.43
-50.63,48.67,-85.01
-50.70,48.68,-76.71
-50.75,48.70,-65.02
-50.79,48.72,-50.00
-50.84,48.78,-32.19
-50.87,48.84,-13.41
-50.88,48.91,1.61
-50.87,48.99,9.84
-50.88,48.97,11.55
-50.89,48.89,8.43
-50.90,48.84,4.13
-50.90,48.82,1.36
-50.90,49.10,1.17
-50.87,49.97,1.81
-50.84,50.77,2.09
-50.79,52.14,2.21
-50.75,53.13,2.20
-50.70,54.48,2.22
-50.67,55.33,2.35
-50.63,56.24,2.45
-50.61,56.75,3.58
-50.53,57.57,7.25
-50.42,58.20,13.38
-50.03,59.42,21.73
-49.63,60.21,32.20
-48.70,61.39,44.01
-48.31,61.71,56.64
-47.38,62.19,68.14
-46.87,62.35,78.10
-46.16,62.45,85.88
-45.86,62.46,90.22
-45.87,62.46,91.05
-45.92,62.46,90.78
-46.01,62.46,90.41
-46.01,62.46,90.39
-46.01,62.46,90.46
-46.00,62.46,90.45
-46.00,62.46,89.80
-46.01,62.46,89.50
-46.01,62.46,89.63
-46.01,62.46,89.59
-46.01,62.46,89.62
-45.56,62.46,90.30
-44.93,62.45,90.43
-43.57,62.44,90.92
-42.30,62.41,92.10
-39.96,62.29,93.77
-38.24,62.15,95.54
-35.39,61.84,96.82
-33.37,61.59,97.06
-30.11,61.19,96.69
-27.71,60.92,96.01
-24.05,60.56,95.35
-21.47,60.34,94.52
-17.50,60.04,94.03
-14.80,59.86,94.04
-10.62,59.55,94.34
-7.77,59.33,94.61
-3.40,58.97,94.65
-0.45,58.73,94.78
4.08,58.35,94.67
7.02,58.11,94.58
11.66,57.75,94.51
14.69,57.51,94.57
19.12,57.17,93.79
22.12,57.00,92.66
26.62,56.82,92.08
29.62,56.71,92.20
34.17,56.51,92.79
37.08,56.35,94.02
40.47,56.06,95.83
42.44,55.83,97.41
44.92,55.49,98.05
46.38,55.27,98.46
48.10,55.01,98.84
49.17,54.84,98.97
50.54,54.63,98.74
51.20,54.54,96.23
51.82,54.49,91.71
51.97,54.49,89.00
52.00,55.27,89.22
52.00,55.27,89.97
51.99,55.27,90.09
51.99,55.27,89.94
51.99,55.27,89.94
51.99,55.27,89.93
51.99,55.27,89.90
51.99,55.27,89.91
51.99,55.27,89.89
51.99,55.27,89.89
51.99,55.27,89.88
51.99,55.27,89.89
51.99,55.27,89.89
51.99,55.27,89.89
51.99,55.27,89.89
51.99,55.27,89.89
51.99,55.27,89.90
51.99,55.27,89.89
51.99,55.27,89.89
51.99,55.27,89.89
51.99,55.27,89.89
51.99,55.27,89.89
51.99,55.27,89.89
51.99,55.27,89.89
51.99,55.27,89.89
51.99,55.27,89.89
51.99,55.27,89.89
51.99,55.27,89.89
51.99,55.27,89.89
51.99,55.27,89.89
51.99,55.27,89.89
51.99,55.27,89.89
51.99,55.27,89.89
51.99,55.27,89.89
51.99,55.27,89.89
51.99,55.27,89.89
51.99,55.27,89.89
51.99,55.27,89.89
51.99,55.27,89.89
51.99,55.27,89.89
51.99,55.27,89.89
51.99,55.27,89.89
51.99,55.27,89.89
51.99,55.27,89.88
51.99,55.27,89.88
51.99,55.27,89.89
51.99,55.27,89.89
51.99,55.27,89.89
51.99,55.27,89.88
51.99,55.27,89.88
51.99,55.27,89.88
51.99,55.27,89.89
51.99,55.27,89.89
51.99,55.27,89.89
51.99,55.27,89.88
51.99,55.27,89.88
51.99,55.27,89.88
51.99,55.27,89.89
51.99,55.27,89.89
51.99,55.27,89.89
51.99,55.27,89.89
51.99,55.27,89.89
51.99,55.27,89.89
51.99,55.27,89.88
51.99,55.27,89.88
51.99,55.27,89.89
51.99,55.27,89.89
51.99,55.27,89.89
51.99,55.27,89.88
51.99,55.27,89.89
51.99,55.27,89.88
51.99,55.27,89.89
51.99,55.27,89.89
51.99,55.27,89.89
51.99,55.27,89.89
51.99,55.27,89.89
51.99,55.27,89.89
51.99,55.27,89.89
51.99,55.27,89.89
51.99,55.27,89.89
51.99,55.27,89.88
51.99,55.27,89.89
51.99,55.27,89.89
51.99,55.27,89.89
51.99,55.27,89.89
51.99,55.27,89.89
51.99,55.27,89.89
51.99,55.27,89.89
51.99,55.27,89.89
51.99,55.27,89.89
51.99,55.27,89.89
51.99,55.27,89.89
51.99,55.27,89.88
51.99,55.27,89.89
51.99,55.27,89.88
51.99,55.27,89.89
51.99,55.27,89.89
51.99,55.27,89.89
51.99,55.27,89.89
51.99,55.27,89.89
51.99,55.27,89.89
51.99,55.27,89.89
51.99,55.27,89.89
51.99,55.27,89.88
51.99,55.27,89.89
51.99,55.27,89.89
51.99,55.27,89.88
51.99,55.27,89.89
51.99,55.27,89.88
51.99,55.27,89.89
51.99,55.27,89.89
51.99,55.27,89.89
51.99,55.27,89.89
51.99,55.27,89.89
51.99,55.27,89.88
51.99,55.27,89.88
51.99,55.27,89.89
51.99,55.27,89.89
51.99,55.27,89.89
51.99,55.27,89.89
51.99,55.27,89.88
51.99,55.27,89.89
51.99,55.27,89.89
51.99,55.27,89.88
51.99,55.27,89.89
51.99,55.27,89.88
51.99,55.27,89.89
51.99,55.27,89.89
51.99,55.27,89.89
51.99,55.27,89.89
51.99,55.27,89.89
51.99,55.27,89.89
51.99,55.27,89.89
51.99,55.27,89.88
51.99,55.27,89.88
51.99,55.27,89.89
51.99,55.27,89.89
51.99,55.27,89.89
51.99,55.27,89.89
51.99,55.27,89.88
51.99,55.27,89.89
51.99,55.27,89.89
51.99,55.27,89.89
51.99,55.27,89.88
51.99,55.27,89.89
51.99,55.27,89.89
51.99,55.27,89.89
51.99,55.27,89.89
51.99,55.27,89.88
51.99,55.27,89.88
51.99,55.27,89.89
51.99,55.27,89.89
51.99,55.27,89.89
51.99,55.27,89.89
51.99,55.27,89.89
51.99,55.27,89.89
51.99,55.27,89.88
51.99,55.27,89.88
51.99,55.27,89.89
51.99,55.27,89.89
51.99,55.27,89.89
51.99,55.27,89.89
51.99,55.27,89.88
51.99,55.27,89.89
51.99,55.27,89.88
51.99,55.27,89.89
51.99,55.27,89.89
51.99,55.27,89.89
51.99,55.27,89.89
51.99,55.27,89.89
51.99,55.27,89.89
51.99,55.27,89.88
51.99,55.27,89.89
51.99,55.27,89.88
51.99,55.27,89.88
51.99,55.27,89.89
51.99,55.27,89.89
51.99,55.27,89.89
51.99,55.27,89.88
51.99,55.27,89.89
51.99,55.27,89.89
51.99,55.27,89.89
51.99,55.27,89.89
51.99,55.27,89.89
51.99,55.27,89.89
51.99,55.27,89.89
51.99,55.27,89.89
51.99,55.27,89.89
51.99,55.27,89.88
51.99,55.27,89.89
51.99,55.27,89.89
51.99,55.27,89.88
51.99,55.27,89.89
51.99,55.27,89.89
51.99,55.27,89.89
51.99,55.27,89.89
51.99,55.27,89.88
51.99,55.27,89.89
51.99,55.27,89.89
51.99,55.27,89.89
51.99,55.27,89.89
51.99,55.27,89.88
51.99,55.27,89.89
51.99,55.27,89.89
51.99,55.27,89.89
51.99,55.27,89.89
51.99,55.27,89.89
51.99,55.27,89.89
51.99,55.27,89.89
51.99,55.27,89.89
51.99,55.27,89.88
51.99,55.27,89.88
51.99,55.27,89.88
51.99,55.27,89.89
51.99,55.27,89.88
51.99,55.27,89.88
51.99,55.27,89.89
51.99,55.27,89.89
51.99,55.27,89.89
51.99,55.27,89.88
51.99,55.27,89.89
51.99,55.27,89.89
51.99,55.27,89.88
51.99,55.27,89.89
51.99,55.27,89.88
51.99,55.27,89.89
51.99,55.27,89.89
51.99,55.27,89.89
51.99,55.27,89.89
51.99,55.27,89.88
51.99,55.27,89.89
51.99,55.27,89.89
51.99,55.27,89.89
51.99,55.27,89.88
51.99,55.27,89.88
51.99,55.27,89.88
51.99,55.27,89.89
51.99,55.27,89.88
51.99,55.27,89.88
51.99,55.27,89.89
51.99,55.27,89.88
51.99,55.27,89.89
51.99,55.27,89.89
51.99,55.27,89.89
51.99,55.27,89.88
51.99,55.27,89.88
51.99,55.27,89.88
51.99,55.27,89.89
51.99,55.27,89.89
51.99,55.27,89.88
51.99,55.27,89.89
51.99,55.27,89.88
51.99,55.27,89.89
51.99,55.27,89.89
51.99,55.27,89.89
51.99,55.27,89.89
51.99,55.27,89.89
51.99,55.27,89.89
51.99,55.27,89.89
51.99,55.27,89.89
51.99,55.27,89.89
51.99,55.27,89.89
51.99,55.27,89.88
51.99,55.27,89.88
51.99,55.27,89.88
51.99,55.27,89.89
51.99,55.27,89.89
51.99,55.27,89.89
51.99,55.27,89.89
51.99,55.27,89.89
51.99,55.27,89.89
51.99,55.27,89.88
51.99,55.27,89.89
51.99,55.27,89.89
51.99,55.27,89.89
51.99,55.27,89.88
51.99,55.27,89.89
51.99,55.27,89.88
51.99,55.27,89.89
51.99,55.27,89.89
51.99,55.27,89.88
51.99,55.27,89.89
51.99,55.27,89.89
51.99,55.27,89.88
51.99,55.27,89.89
51.99,55.27,89.88
51.99,55.27,89.89
51.99,55.27,89.89
51.99,55.27,89.88
51.99,55.27,89.89
51.99,55.27,89.89
51.99,55.27,89.88
51.99,55.27,89.89
51.99,55.27,89.89
51.99,55.27,89.88
51.99,55.27,89.89
51.99,55.27,89.89
51.99,55.27,89.89
51.99,55.27,89.88
51.99,55.27,89.89
51.99,55.27,89.89
51.99,55.27,89.89
51.99,55.27,89.89
51.99,55.27,89.85
51.99,55.27,86.95
51.97,55.26,80.58
51.92,55.25,71.44
51.81,55.20,62.43
51.75,55.17,57.28
51.67,55.11,56.96
51.65,55.10,57.63
51.64,55.09,57.83
51.64,55.09,57.71
51.64,55.09,57.50
51.52,55.01,54.77
51.12,54.70,49.93
50.74,54.35,44.79
50.06,53.62,41.78
49.56,53.06,41.15
48.74,52.14,42.92
48.23,51.63,47.26
47.38,50.91,52.35
46.74,50.46,56.59
45.69,49.80,59.38
44.89,49.35,61.56
43.66,48.72,63.88
42.88,48.36,67.18
41.70,47.92,71.70
40.90,47.69,76.27
39.63,47.42,80.19
38.73,47.30,83.23
37.40,47.16,85.35
36.80,47.13,90.04
36.16,47.15,93.02
35.56,47.19,93.55
34.31,47.27,93.51
33.30,47.33,93.35
31.51,47.43,93.28
30.21,47.50,93.12
28.83,47.59,94.56
29.14,47.57,93.45
29.01,47.57,92.38
29.03,47.57,92.70
29.06,47.57,92.59
29.06,47.57,92.66
29.05,47.57,92.60
29.06,47.57,92.68
29.05,47.57,92.59
29.05,47.57,92.59
29.05,47.57,92.63
29.05,47.57,92.55
29.05,47.57,92.58
29.05,47.57,92.53
29.05,47.57,92.53
29.05,47.57,92.55
29.05,47.57,92.55
29.05,47.57,92.50
29.05,47.57,92.52
29.05,47.57,92.52
29.05,47.57,92.53
29.05,47.57,92.51
29.05,47.57,92.50
29.05,47.57,92.50
29.05,47.57,92.49
29.05,47.57,92.48
29.05,47.57,92.48
29.05,47.57,92.47
29.05,47.57,92.49
29.05,47.57,92.48
29.05,47.57,92.50
29.05,47.57,92.46
29.05,47.57,92.47
29.05,47.57,92.46
29.05,47.57,92.45
29.05,47.57,92.45
29.05,47.57,92.46
29.05,47.57,92.44
29.05,47.57,92.45
29.05,47.57,92.44
29.05,47.57,92.44
29.05,47.57,92.44
29.05,47.57,92.42
28.00,46.80,90.00
28.00,46.80,89.97
28.00,46.80,90.02
28.00,46.80,90.00
28.21,46.80,89.96
28.69,46.80,90.42
29.81,46.78,90.90
30.83,46.77,90.71
32.80,46.75,90.59
34.31,46.73,90.58
36.81,46.71,90.63
38.63,46.69,90.73
41.51,46.65,90.82
43.38,46.62,90.99
46.22,46.56,91.21
48.02,46.52,91.44
50.39,46.46,91.32
51.43,46.44,91.17
52.39,46.42,90.65
52.85,46.42,90.00
53.46,46.42,90.08
53.83,46.42,89.88
54.53,46.42,89.42
55.15,46.43,88.78
56.04,46.45,88.71
56.02,46.45,88.85
55.85,46.45,89.08
55.92,46.45,89.05
55.94,46.45,89.01
55.94,46.45,89.10
55.93,46.45,89.08
55.93,46.45,89.10
55.93,46.45,89.12
55.93,46.45,89.04
55.92,46.45,89.00
55.93,46.45,89.11
55.94,46.45,89.06
55.93,46.45,89.06
55.93,46.45,89.06
55.92,46.45,89.03
55.93,46.45,89.06
55.93,46.45,89.06
55.93,46.45,89.10
55.93,46.45,89.09
55.94,46.45,89.10
55.93,46.45,89.02
55.93,46.45,89.09
55.95,46.45,89.14
55.95,46.45,89.06
55.95,46.45,89.12
55.94,46.45,89.09
55.94,46.45,89.15
55.94,46.45,89.09
55.94,46.45,89.13
55.94,46.45,89.10
55.93,46.45,89.08
55.94,46.45,89.12
55.94,46.45,89.15
55.94,46.45,89.13
55.94,46.45,89.12
55.94,46.45,89.12
55.80,46.45,89.35
55.14,46.45,89.48
54.14,46.44,89.37
53.21,46.43,89.57
51.36,46.42,90.22
50.06,46.44,90.88
47.81,46.48,91.50
46.17,46.53,91.86
43.44,46.62,92.03
41.51,46.70,92.22
38.49,46.81,92.14
36.43,46.89,91.91
33.46,46.98,91.59
31.47,47.02,91.04
28.88,47.06,90.60
27.44,47.07,90.35
27.80,47.07,89.93
27.87,47.07,89.96
27.59,47.07,89.81
27.67,47.07,89.68
27.68,47.07,89.74
27.68,47.07,89.72
27.68,47.07,89.74
27.68,47.07,89.72
27.68,47.07,89.72
27.69,47.07,89.64
27.71,47.07,89.80
27.71,47.07,89.73
27.71,47.07,89.76
27.71,47.07,89.75
27.71,47.07,89.73
27.71,47.07,89.73
27.71,47.07,89.72
27.71,47.07,89.71
27.71,47.07,89.72
27.71,47.07,89.72
27.71,47.07,89.72
27.71,47.07,89.72
27.71,47.07,89.72
27.71,47.07,89.73
27.71,47.07,89.71
27.71,47.07,89.71
27.71,47.07,89.71
27.71,47.07,89.72
27.71,47.07,89.71
27.71,47.07,89.71
27.71,47.07,89.71
27.71,47.07,89.70
27.71,47.07,89.70
28.00,46.80,89.99
28.08,46.80,89.98
28.13,46.80,89.97
28.13,46.80,89.95
28.13,46.80,89.95
28.13,46.80,89.93
28.13,46.80,89.95
28.13,46.80,89.94
28.13,46.80,89.94
28.13,46.80,89.94
28.13,46.80,89.93
28.13,46.80,89.94
28.13,46.80,89.94
28.13,46.80,89.94
28.13,46.80,89.94
28.13,46.80,89.93
28.13,46.80,89.93
28.13,46.80,89.93
28.13,46.80,89.94
28.13,46.80,89.93
28.13,46.80,89.94
28.13,46.80,89.93
28.13,46.80,89.93
28.13,46.80,89.93
28.13,46.80,89.93
28.13,46.80,89.93
28.13,46.80,89.92
28.13,46.80,89.93
28.13,46.80,89.93
28.13,46.80,89.93
28.13,46.80,89.93
28.13,46.80,89.93
28.13,46.80,89.93
28.13,46.80,89.93
28.13,46.80,89.93
28.13,46.80,89.94
28.13,46.80,89.94
28.13,46.80,89.93
28.13,46.80,89.94
28.13,46.80,89.94
28.13,46.80,89.94
28.13,46.80,89.95
28.13,46.80,89.94
28.13,46.80,89.95
28.13,46.80,89.94
28.13,46.80,89.94
28.13,46.80,89.94
28.13,46.80,89.93
28.13,46.80,89.94
28.13,46.80,89.93
28.13,46.80,89.93
28.13,46.80,89.93
28.13,46.80,89.93
28.13,46.80,89.93
28.13,46.80,89.94
28.13,46.80,89.93
28.13,46.80,89.94
28.13,46.80,89.93
28.13,46.80,89.94
28.13,46.80,89.94
28.13,46.80,89.93
28.13,46.80,89.93
28.13,46.80,89.93