-48.28,-18.00,180.00
-48.28,-18.00,179.85
-48.28,-18.22,178.30
-48.26,-18.55,175.65
-48.20,-19.16,171.82
-48.11,-19.65,167.23
-47.85,-20.59,162.79
-47.58,-21.39,159.86
-47.03,-22.83,158.52
-46.60,-23.91,158.04
-45.88,-25.67,157.87
-45.38,-26.89,157.73
-44.59,-28.83,157.67
-44.03,-30.19,157.65
-43.18,-32.25,157.60
-42.61,-33.64,157.55
-41.73,-35.76,157.57
-41.16,-37.16,157.76
-40.48,-38.90,160.26
-40.16,-40.02,166.99
-40.02,-41.00,178.21
-40.13,-42.15,192.28
-40.31,-42.69,208.13
-40.72,-43.22,225.98
-40.93,-43.37,242.25
-41.06,-43.43,257.93
-41.06,-43.43,269.93
-40.93,-43.44,274.63
-40.86,-43.44,273.74
-40.77,-43.45,272.28
-40.76,-43.45,271.65
-40.76,-43.45,271.73
-40.77,-43.45,271.83
-40.82,-43.45,271.43
-41.41,-43.43,271.55
-42.11,-43.41,271.75
-43.46,-43.37,271.68
-44.57,-43.34,271.65
-46.45,-43.28,271.70
-47.99,-43.24,271.83
-50.26,-43.16,271.94
-51.83,-43.11,271.79
-53.90,-43.04,271.90
-55.03,-43.00,271.93
-56.17,-42.97,270.66
-56.39,-42.98,265.97
-56.62,-43.00,262.23
-56.87,-43.04,260.66
-57.45,-43.14,260.24
-57.88,-43.22,258.84
-58.60,-43.36,258.35
-59.00,-43.45,258.84
-58.96,-43.44,259.19
-58.92,-43.43,258.93
-58.92,-43.43,258.84
-58.94,-43.43,258.87
-58.95,-43.44,258.86
-58.95,-43.43,258.85
-58.86,-43.42,258.87
-58.52,-43.35,258.96
-57.71,-43.19,258.55
-57.08,-43.06,258.65
-55.85,-42.82,258.89
-54.98,-42.65,259.04
-53.53,-42.37,259.42
-52.63,-42.22,262.14
-51.55,-42.12,267.08
-50.91,-42.12,273.75
-49.94,-42.24,280.83
-49.15,-42.44,286.77
-47.81,-42.89,289.95
-46.78,-43.28,290.66
-45.06,-43.92,290.04
-43.87,-44.34,288.26
-42.08,-44.89,286.18
-40.85,-45.22,284.23
-38.99,-45.66,282.54
-37.70,-45.93,281.05
-35.79,-46.28,279.89
-34.45,-46.51,279.25
-32.28,-46.86,278.93
-31.14,-47.02,276.58
-31.37,-47.00,275.56
-31.31,-47.01,275.37
-31.13,-47.02,275.81
-31.21,-47.02,275.85
-31.26,-47.01,275.60
-31.26,-47.01,275.50
-31.27,-47.01,275.48
-31.28,-47.01,275.50
-31.28,-47.01,275.43
-31.28,-47.01,275.42
-31.29,-47.01,275.42
-31.29,-47.01,275.41
-31.29,-47.01,275.39
-31.29,-47.01,275.39
-31.29,-47.01,275.38
-31.29,-47.01,275.35
-31.46,-46.99,275.23
-31.46,-46.99,275.24
-31.46,-46.99,275.29
-31.46,-46.99,275.21
-31.46,-46.99,275.23
-31.46,-46.99,275.24
-31.77,-46.96,275.22
-32.21,-46.92,275.32
-33.18,-46.83,275.36
-33.81,-46.77,275.35
-34.77,-46.68,275.34
-35.47,-46.62,275.79
-36.28,-46.51,279.85
-36.86,-46.37,287.96
-37.81,-45.96,298.66
-38.91,-45.17,310.87
-39.62,-44.39,324.37
-40.45,-42.85,338.75
-40.70,-41.83,353.10
-40.70,-40.33,366.39
-40.58,-39.70,376.07
-40.45,-39.30,380.34
-40.45,-39.29,380.70
-40.46,-39.33,380.04
-40.46,-39.34,379.43
-40.45,-39.30,379.48
-40.45,-39.29,380.54
-40.42,-39.23,386.02
-40.32,-39.05,394.16
-40.07,-38.75,403.21
-39.66,-38.37,410.48
-38.87,-37.78,414.79
-38.14,-37.28,416.70
-36.83,-36.43,417.63
-35.83,-35.80,417.11
-34.46,-34.87,414.38
-33.59,-34.20,410.61
-32.34,-33.11,407.11
-31.46,-32.25,404.77
-29.99,-30.73,403.33
-28.84,-29.49,402.59
-27.14,-27.62,401.97
-26.12,-26.46,399.55
-24.91,-24.86,394.34
-24.28,-23.83,388.38
-23.51,-22.22,383.42
-23.06,-21.12,380.74
-22.54,-19.60,376.64
-22.27,-18.46,370.41
-22.04,-16.57,363.96
-22.00,-15.06,359.19
-22.09,-12.67,356.75
-22.20,-10.99,356.20
-22.35,-8.45,357.36
-22.41,-6.52,359.40
-22.39,-3.62,361.32
-22.31,-1.55,362.46
-22.17,1.58,362.83
-22.06,3.79,362.70
-21.92,7.03,362.24
-21.84,9.27,361.76
-21.74,12.79,361.37
-21.69,15.02,361.18
-21.63,18.49,360.92
-21.60,20.66,361.02
-21.55,23.46,360.86
-21.52,25.06,360.97
-21.51,26.53,359.65
-21.52,27.06,358.48
-21.54,27.53,355.16
-21.57,27.74,348.43
-21.61,27.88,338.90
-21.61,27.88,327.80
-21.60,27.88,316.87
-21.58,27.85,308.65
-21.51,27.80,306.51
-21.49,27.79,307.51
-21.33,27.65,310.06
-21.14,27.49,313.74
-20.55,26.88,317.61
-20.07,26.32,321.28
-19.15,25.10,324.13
-18.48,24.14,325.93
-17.34,22.43,326.64
-16.54,21.20,326.55
-15.32,19.36,326.33
-14.55,18.22,326.17
-13.50,16.65,326.27
-12.99,15.88,326.30
-12.45,15.07,326.17
-12.25,14.77,326.03
-12.12,14.59,324.75
-12.03,14.46,320.77
-11.93,14.35,315.70
-11.89,14.31,312.22
-11.91,14.33,310.74
-11.98,14.39,311.00
-12.04,14.44,311.30
-11.93,14.35,311.48
-11.82,14.25,311.86
-11.66,14.11,312.47
-11.63,14.07,313.34
-11.64,14.09,313.93
-11.67,14.11,313.91
-11.71,14.15,313.80
-11.72,14.17,313.90
-11.72,14.17,313.96
-11.72,14.17,313.95
-11.73,14.17,313.96
-11.73,14.17,313.96
-11.76,14.21,313.82
-12.03,14.46,313.38
-12.74,15.13,313.23
-13.41,15.76,312.90
-14.73,16.97,312.12
-15.77,17.90,311.23
-17.66,19.52,310.21
-19.01,20.65,309.77
-21.28,22.54,309.92
-22.87,23.88,310.15
-25.38,26.00,310.32
-27.15,27.52,310.69
-29.79,29.79,310.85
-31.63,31.39,311.06
-34.49,33.89,311.17
-36.36,35.53,311.35
-39.41,38.21,311.28
-41.44,39.98,311.04
-44.13,42.30,310.18
-45.82,43.67,307.25
-48.07,45.26,301.86
-49.29,45.90,293.64
-51.19,46.53,281.81
-51.89,46.62,272.69
-52.31,46.62,267.54
-52.62,46.60,266.05
-52.66,46.60,267.15
-52.66,46.60,268.06
-52.87,46.59,268.17
-53.26,46.58,268.04
-54.14,46.55,267.99
-54.88,46.53,268.01
-55.87,46.49,267.30
-56.40,46.45,264.74
-57.32,46.35,263.38
-58.00,46.27,263.60
-58.09,46.26,263.70
-57.99,46.27,263.28
-57.97,46.28,263.35
-57.97,46.28,263.35
-58.00,46.27,263.36
-58.00,46.27,263.37
-57.99,46.27,263.36
-58.00,46.27,263.35
-57.98,46.27,263.36
-57.99,46.27,263.36
-57.99,46.27,263.38
-57.99,46.27,263.34
-57.72,46.30,263.46
-56.93,46.40,263.34
-56.16,46.48,263.61
-55.27,46.58,263.52
-53.68,46.76,263.54
-52.77,46.87,263.35
-51.13,47.05,264.12
-49.92,47.16,265.30
-47.76,47.31,266.92
-46.07,47.37,268.98
-43.39,47.37,270.92
-41.38,47.30,272.76
-38.38,47.11,274.53
-36.39,46.92,276.40
-33.63,46.58,277.82
-31.89,46.33,278.32
-30.65,46.16,276.16
-30.92,46.18,275.65
-30.67,46.16,275.85
-30.67,46.16,275.78
-30.67,46.16,275.77
-30.67,46.16,275.73
-30.67,46.16,275.75
-30.67,46.16,275.71
-30.67,46.16,275.72
-30.68,46.16,275.74
-30.70,46.16,275.72
-30.70,46.16,275.71
-30.71,46.16,275.72
-30.72,46.16,275.67
-30.73,46.16,275.70
-30.74,46.16,275.68
-30.74,46.16,275.69
-30.76,46.17,275.68
-30.76,46.17,275.67
-30.76,46.17,275.66
-30.76,46.17,275.67
-30.76,46.17,275.67
-30.76,46.17,275.66
-30.76,46.17,275.65
-30.76,46.17,275.66
-30.76,46.17,275.65
-30.77,46.17,275.64
-30.77,46.17,275.64
-48.00,0.00,89.99
-47.79,0.00,89.98
-47.64,0.00,89.90
-47.63,0.00,89.84
-47.56,0.00,89.78
-47.56,0.00,89.78
-47.56,0.00,89.79
-47.56,0.00,89.76
-47.56,0.00,89.77
-47.57,0.00,89.77
-47.57,0.00,89.77
-47.57,0.00,89.76
-47.57,0.00,89.76
-47.57,0.00,89.76
-47.57,0.00,89.76
-47.57,0.00,89.76
-47.57,0.00,89.77
-47.57,0.00,89.76
-47.57,0.00,89.76
-47.57,0.00,89.76
-47.57,0.00,89.76
-47.57,0.00,89.76
-47.57,0.00,89.77
-47.57,0.00,89.76
-47.57,0.00,89.77
-47.57,0.00,89.76
-47.57,0.00,89.77
-47.57,0.00,89.77
-47.57,0.00,89.76
-47.57,0.00,89.76
-47.57,0.00,89.76
-47.57,0.00,89.77
-47.57,0.00,89.76
-47.57,0.00,89.77
-47.57,0.00,89.77