-48.32,-20.00,180.00
-48.32,-20.01,179.92
-48.32,-20.19,178.44
-48.30,-20.60,175.91
-48.25,-21.03,172.04
-48.12,-21.76,167.21
-47.96,-22.34,162.07
-47.51,-23.58,158.02
-47.10,-24.52,155.78
-46.35,-26.16,154.93
-45.79,-27.35,154.82
-44.89,-29.27,155.10
-44.26,-30.65,155.42
-43.30,-32.74,155.53
-42.65,-34.18,155.51
-41.62,-36.43,155.39
-40.94,-37.91,155.40
-39.91,-40.17,155.30
-39.20,-41.69,155.25
-38.21,-43.85,155.26
-37.53,-45.32,155.22
-37.13,-46.18,154.84
-36.59,-47.31,154.48
-36.35,-47.83,155.59
-36.13,-48.38,161.23
-36.04,-48.70,167.31
-35.92,-49.61,176.96
-35.93,-50.08,189.58
-36.00,-50.32,203.99
-36.07,-50.43,221.13
-36.42,-50.72,239.99
-36.53,-50.77,258.38
-36.59,-50.78,271.67
-36.58,-50.78,278.48
-36.40,-50.81,279.20
-36.30,-50.82,277.06
-36.16,-50.84,274.83
-36.12,-50.84,273.20
-36.38,-50.83,272.17
-36.91,-50.81,272.06
-38.08,-50.76,272.37
-39.12,-50.72,272.52
-40.98,-50.63,272.68
-42.44,-50.56,272.94
-44.84,-50.43,273.70
-46.46,-50.31,274.69
-48.69,-50.11,275.48
-49.97,-49.98,276.01
-51.43,-49.82,276.03
-52.08,-49.76,273.68
-52.61,-49.74,270.34
-52.75,-49.74,269.04
-52.81,-49.74,269.53
-52.81,-49.74,270.04
-53.02,-49.74,270.21
-53.55,-49.74,270.30
-54.11,-49.74,270.34
-55.03,-49.73,270.51
-55.65,-49.73,270.05
-56.59,-49.73,269.14
-57.30,-49.75,268.81
-57.83,-49.76,269.52
-57.78,-49.76,269.64
-57.71,-49.76,269.79
-57.72,-49.76,269.72
-57.72,-49.76,269.73
-57.72,-49.76,269.73
-57.72,-49.76,269.72
-57.69,-49.76,269.77
-56.91,-49.75,269.55
-56.18,-49.74,269.14
-54.90,-49.72,268.95
-53.82,-49.70,268.88
-52.19,-49.67,268.82
-51.24,-49.65,268.40
-49.61,-49.58,267.00
-48.54,-49.51,265.36
-46.60,-49.33,264.36
-45.16,-49.18,263.21
-42.85,-48.88,262.44
-41.34,-48.68,262.79
-39.03,-48.42,264.28
-37.62,-48.30,265.91
-35.42,-48.17,267.51
-33.88,-48.12,268.64
-31.53,-48.08,269.24
-30.24,-48.08,272.83
-30.23,-48.07,276.39
-30.26,-48.06,274.80
-30.05,-48.08,274.82
-30.21,-48.07,275.29
-30.23,-48.06,274.89
-30.22,-48.07,275.05
-30.22,-48.07,274.91
-30.22,-48.07,274.94
-30.22,-48.07,274.87
-30.22,-48.07,274.89
-30.22,-48.07,274.86
-30.22,-48.07,274.87
-30.22,-48.07,274.84
-30.21,-48.07,274.84
-30.21,-48.07,274.83
-30.22,-48.07,274.79
-30.31,-48.06,274.72
-30.31,-48.06,274.73
-30.31,-48.06,274.73
-30.31,-48.06,274.72
-30.31,-48.06,274.73
-30.32,-48.06,274.70
-30.79,-48.02,274.61
-31.28,-47.98,274.99
-32.00,-47.92,274.69
-32.65,-47.86,274.92
-33.73,-47.77,275.08
-34.79,-47.67,276.35
-35.47,-47.56,281.67
-36.44,-47.28,290.19
-37.13,-46.95,301.09
-38.17,-46.17,313.16
-38.82,-45.40,326.32
-39.55,-43.98,340.22
-39.76,-43.05,354.31
-39.74,-41.67,367.09
-39.65,-41.22,376.19
-39.52,-40.84,380.95
-39.52,-40.83,382.06
-39.53,-40.87,381.56
-39.54,-40.88,381.20
-39.52,-40.85,381.00
-39.52,-40.84,382.51
-39.46,-40.71,386.89
-39.38,-40.56,392.94
-39.11,-40.21,399.28
-38.74,-39.80,405.25
-37.98,-39.11,409.59
-37.35,-38.60,411.86
-36.11,-37.65,413.26
-35.16,-36.95,413.25
-33.83,-35.92,411.09
-32.92,-35.14,408.01
-31.73,-34.02,404.95
-30.91,-33.15,402.57
-29.57,-31.65,400.99
-28.62,-30.53,399.61
-27.20,-28.77,398.08
-26.34,-27.63,395.95
-25.22,-26.00,392.80
-24.58,-24.94,389.35
-23.76,-23.37,386.16
-23.25,-22.28,383.30
-22.61,-20.62,378.64
-22.29,-19.48,372.61
-21.97,-17.55,366.53
-21.86,-16.02,361.90
-21.85,-13.55,358.89
-21.91,-11.81,357.50
-22.03,-9.08,357.67
-22.10,-7.14,358.59
-22.14,-4.10,359.82
-22.12,-2.01,361.07
-22.03,1.26,362.05
-21.94,3.47,362.55
-21.79,6.80,362.57
-21.69,9.17,362.41
-21.56,12.50,361.85
-21.50,14.75,361.48
-21.43,17.81,361.15
-21.40,19.49,360.52
-21.40,21.33,359.90
-21.40,22.13,358.57
-21.47,23.14,353.60
-21.56,23.68,345.34
-21.67,23.98,336.36
-21.80,24.22,327.05
-21.83,24.28,320.77
-21.73,24.16,318.67
-21.72,24.14,319.08
-21.72,24.15,319.54
-21.72,24.15,319.54
-21.71,24.13,319.50
-21.76,24.19,319.70
-22.14,24.64,319.64
-22.57,25.15,320.23
-23.48,26.24,320.09
-24.30,27.23,320.37
-25.59,28.79,320.68
-26.59,30.03,321.11
-28.15,31.98,321.73
-29.32,33.46,321.94
-31.18,35.84,321.98
-32.53,37.58,321.99
-34.52,40.12,321.76
-35.80,41.67,318.52
-37.56,43.47,312.25
-38.54,44.22,302.08
-39.99,44.94,289.57
-40.58,45.08,276.02
-40.76,45.09,264.62
-40.67,45.11,256.91
-40.20,45.24,253.00
-39.75,45.39,251.51
-39.15,45.58,253.07
-38.70,45.70,256.57
-38.08,45.84,258.85
-37.47,45.95,260.06
-36.27,46.15,260.54
-35.36,46.30,260.96
-33.88,46.53,261.48
-33.09,46.64,264.33
-32.65,46.66,268.18
-32.39,46.67,270.72
-32.31,46.66,272.32
-32.22,46.66,272.99
-32.20,46.66,272.89
-32.23,46.66,272.67
-32.29,46.66,272.69
-32.31,46.66,272.76
-32.31,46.66,272.76
-32.31,46.66,272.74
-32.31,46.66,272.74
-32.31,46.66,272.72
-32.31,46.66,272.73
-32.31,46.66,272.73
-32.31,46.66,272.72
-32.31,46.66,272.71
-32.31,46.66,272.72
-32.31,46.66,272.71
-32.31,46.66,272.71
-32.31,46.66,272.71
-32.31,46.66,272.71
-32.31,46.66,272.71
-32.31,46.66,272.71
-32.31,46.66,272.72
-32.31,46.66,272.72
-32.31,46.66,272.72
-32.31,46.66,272.72
-32.31,46.66,272.73
-32.31,46.66,272.72
-32.31,46.66,272.74
-32.31,46.66,272.73
-32.31,46.66,272.72
-32.31,46.66,272.72
-32.31,46.66,272.73
-32.31,46.66,272.72
-32.31,46.66,272.72
-32.31,46.66,272.72
-32.31,46.66,272.72
-32.31,46.66,272.72
-32.31,46.66,272.72
-32.31,46.66,272.72
-32.31,46.66,272.73
-32.31,46.66,272.72
-32.31,46.66,272.71
-32.31,46.66,272.71
-32.31,46.66,272.71
-32.31,46.66,272.71
-32.31,46.66,272.71
-32.31,46.66,272.71
-32.31,46.66,272.71
-32.31,46.66,272.73
-32.31,46.66,272.73
-32.31,46.66,272.73
-32.31,46.66,272.74
-32.31,46.66,272.73
-32.31,46.66,272.74
-32.31,46.66,272.74