28.00,46.80,90.00
28.00,46.80,90.00
28.34,46.80,90.06
28.81,46.80,90.14
29.76,46.80,90.15
30.51,46.79,90.14
31.65,46.79,90.12
32.74,46.79,90.14
33.33,46.79,90.24
33.98,46.78,90.35
34.45,46.77,92.52
35.37,46.70,96.56
36.10,46.58,101.90
37.34,46.25,108.48
38.21,45.89,116.01
39.59,45.09,123.74
40.55,44.37,129.65
41.98,43.10,133.01
42.99,42.13,134.23
44.51,40.67,133.60
45.59,39.66,131.99
47.30,38.17,130.47
48.56,37.11,129.83
50.62,35.40,129.85
52.00,34.24,130.20
54.13,32.42,130.50
55.54,31.22,130.64
57.56,29.48,130.71
58.71,28.50,130.70
59.91,27.46,130.56
60.29,27.14,129.24
60.33,27.11,127.79
60.29,27.14,127.01
60.11,27.27,126.91
60.15,27.24,128.29
60.38,27.05,131.03
60.60,26.85,135.07
60.96,26.44,140.26
61.30,25.99,146.59
61.86,25.02,153.19
62.17,24.31,160.58
62.45,23.30,168.49
62.53,22.69,175.50
62.55,22.34,179.33
62.55,22.34,179.82
62.55,22.45,179.54
62.55,22.18,179.04
62.57,21.38,179.06
62.58,20.56,179.07
62.61,19.03,178.98
62.63,17.85,178.86
62.67,15.93,178.79
62.70,14.61,178.82
62.71,13.36,179.93
62.71,13.07,181.21
62.71,13.06,181.66
62.71,13.05,182.29
62.71,13.06,181.99
62.71,13.05,181.59
62.69,11.80,180.61
62.69,11.49,179.45
62.69,11.11,178.53
62.69,11.11,178.72
62.69,11.11,178.72
62.69,11.11,178.42
62.69,11.11,177.84
62.69,11.11,177.48
62.69,11.11,175.26
62.69,11.11,172.15
62.69,11.11,170.23
62.69,11.11,168.87
62.69,11.11,167.40
62.70,11.10,167.17
62.70,11.09,167.50
62.83,10.47,168.64
63.12,8.88,170.72
63.26,7.93,172.61
63.34,7.22,174.45
63.34,7.20,176.30
63.34,7.20,177.64
63.34,7.21,178.93
63.34,7.20,179.68
63.34,6.68,180.04
63.34,5.37,180.05
63.34,5.01,180.33
63.34,4.99,181.02
63.34,4.98,180.90
63.34,5.01,180.43
63.34,4.97,179.81
63.34,5.01,180.69
63.34,4.97,180.10
63.34,4.55,179.49
63.37,2.94,178.36
63.42,1.77,176.57
63.53,0.24,175.46
63.61,-0.86,175.87
63.67,-1.72,176.84
63.67,-1.72,177.04
63.67,-1.65,176.94
63.67,-1.80,177.01
63.65,-1.34,177.28
63.64,-0.98,177.37
63.61,-0.51,177.21
63.59,-0.14,177.24
63.57,0.43,177.12
63.55,0.79,176.99
63.52,1.38,176.85
63.50,1.75,176.78
63.46,2.32,176.75
63.44,2.70,176.72
63.43,3.00,178.03
63.42,3.14,179.73
63.42,3.26,180.71
63.42,3.27,180.70
63.42,3.27,180.73
63.42,3.27,180.73
63.42,3.27,180.73
63.42,3.27,180.73
63.42,3.27,180.74
63.42,3.27,180.74
63.42,3.27,180.75
63.42,3.27,180.76
63.42,3.27,180.77
63.42,3.27,180.75
63.42,3.27,180.77
63.42,3.27,180.76
63.42,3.27,180.75
63.42,3.27,180.75
63.42,3.27,180.75
63.42,3.27,180.76
63.42,3.27,180.77
63.42,3.27,180.76
63.42,3.26,180.74
63.42,3.26,180.70
63.42,3.26,180.70
63.42,3.26,180.70
63.42,3.26,180.69
63.42,3.26,180.69
63.42,3.26,180.69
62.50,-17.00,180.00
62.50,-17.00,180.01
62.50,-17.01,180.46
62.49,-17.38,182.16
62.46,-17.83,183.91
62.38,-18.84,185.46
62.29,-19.67,186.75
62.10,-21.12,187.74
61.95,-22.19,188.40
61.69,-23.90,188.79
61.42,-25.61,189.07
61.25,-26.70,189.21
61.07,-27.80,189.22
60.98,-28.31,191.22
60.81,-29.01,197.03
60.72,-29.25,204.33
60.51,-29.67,209.48
60.37,-29.89,215.41
60.08,-30.25,223.19
59.89,-30.42,232.52
59.56,-30.63,243.46
59.38,-30.70,255.81
59.06,-30.74,269.12
58.92,-30.73,282.04
58.76,-30.68,290.47
58.84,-30.72,292.66
58.89,-30.74,291.72
58.85,-30.72,290.27
58.14,-30.46,289.78
57.40,-30.20,290.19
55.90,-29.65,290.14
54.75,-29.23,290.00
52.70,-28.48,290.01
51.19,-27.92,290.17
48.61,-26.98,289.94
46.68,-26.29,289.70
43.57,-25.18,289.73
41.38,-24.39,289.78
37.94,-23.15,289.90
35.57,-22.29,289.95
31.89,-20.97,289.36
29.50,-20.15,288.40
26.15,-19.07,287.22
24.30,-18.52,285.29
22.13,-18.02,280.00
20.96,-17.90,271.03
19.88,-17.96,259.86
19.35,-18.12,247.12
19.02,-18.29,232.32
19.02,-18.29,215.97
19.10,-18.12,197.96
19.14,-17.83,179.48
19.02,-17.17,161.32
18.71,-16.56,144.60
17.80,-15.60,130.22
16.99,-15.05,119.02
15.49,-14.36,110.83
14.48,-14.03,105.54
13.15,-13.70,102.49
12.44,-13.55,101.35
11.79,-13.42,101.19
11.64,-13.40,101.50
11.76,-13.42,102.15
11.91,-13.46,105.50
12.16,-13.54,110.78
12.36,-13.63,117.17
12.59,-13.77,126.96
12.75,-13.91,134.32
12.87,-14.04,139.60
12.97,-14.16,143.88
13.06,-14.29,146.87
13.13,-14.40,148.47
13.17,-14.46,148.98
13.20,-14.52,148.72
13.22,-14.55,148.43
13.23,-14.57,148.39
13.23,-14.57,148.45
13.23,-14.57,148.46
13.24,-14.58,148.41
13.23,-14.58,148.44
13.23,-14.58,148.44
13.23,-14.57,148.43
13.23,-14.57,148.44
13.23,-14.57,148.42
13.23,-14.57,148.41
13.23,-14.57,148.41
13.23,-14.57,148.40
13.23,-14.57,148.40
13.23,-14.57,148.40
13.23,-14.57,148.40
13.23,-14.57,148.40
13.23,-14.57,148.41
13.23,-14.57,148.41
13.23,-14.57,148.40
13.23,-14.57,148.41
13.23,-14.57,148.40
13.23,-14.57,148.39
13.23,-14.57,148.40
13.26,-14.62,148.33
13.34,-14.76,148.44
13.41,-14.87,148.51
13.49,-15.00,148.51
13.53,-15.05,148.53
13.53,-15.06,148.56
13.53,-15.05,148.56
13.51,-15.03,148.53
13.50,-15.02,148.52
13.50,-15.01,148.52
13.50,-15.01,148.50
13.50,-15.01,148.50
13.50,-15.01,148.50
13.50,-15.01,148.50
13.50,-15.01,148.50
13.50,-15.01,148.49
13.50,-15.01,148.50
13.50,-15.01,148.51
13.50,-15.01,148.51
13.50,-15.01,148.51
13.50,-15.01,148.51
13.50,-15.01,148.48
13.52,-15.04,148.49
13.56,-15.10,148.54
13.56,-15.12,148.61
13.57,-15.12,148.63
13.57,-15.12,148.63
13.57,-15.13,148.65
13.57,-15.13,148.65
13.57,-15.13,148.66
13.57,-15.13,148.65
13.57,-15.13,148.65
13.57,-15.13,148.65
13.57,-15.13,148.65
13.57,-15.13,148.66
13.57,-15.13,148.66
13.57,-15.13,148.66
13.57,-15.13,148.67
13.57,-15.13,148.66
13.57,-15.13,148.66
13.57,-15.13,148.66
13.57,-15.13,148.66
13.57,-15.13,148.66
13.57,-15.13,148.66
13.57,-15.13,148.66
13.57,-15.13,148.66
13.57,-15.13,148.66
13.57,-15.13,148.66
13.57,-15.13,148.66
13.57,-15.13,148.66
13.57,-15.13,148.66
13.57,-15.13,148.66
13.57,-15.13,148.66
13.57,-15.13,148.66
13.57,-15.13,148.66
13.57,-15.13,148.66
13.57,-15.13,148.66
13.57,-15.13,148.66
13.57,-15.13,148.66
13.57,-15.13,148.66
13.57,-15.13,148.66
13.57,-15.13,148.66
13.57,-15.13,148.66
13.57,-15.13,148.66
13.57,-15.13,148.66
13.57,-15.13,148.66
13.57,-15.13,148.66
13.57,-15.13,148.66
13.57,-15.13,148.66
13.57,-15.13,148.66
13.57,-15.13,148.66
13.57,-15.13,148.66
13.57,-15.13,148.66
13.57,-15.13,148.66
13.57,-15.13,148.66
13.57,-15.13,148.66
13.57,-15.13,148.66
13.57,-15.13,148.66
13.57,-15.13,148.66
13.57,-15.13,148.66
13.57,-15.13,148.66
13.57,-15.13,148.66
13.57,-15.13,148.66
13.57,-15.13,148.66
13.57,-15.13,148.66
13.57,-15.13,148.66
13.57,-15.13,148.66
13.57,-15.13,148.67
13.57,-15.13,148.66
13.57,-15.13,148.67
13.57,-15.13,148.66
13.57,-15.13,148.66
13.57,-15.13,148.66
13.57,-15.13,148.66
13.57,-15.13,148.66
13.57,-15.13,148.66
13.57,-15.13,148.67
13.57,-15.13,148.66
13.57,-15.13,148.66
13.58,-15.13,148.67
13.58,-15.13,148.66
13.58,-15.13,148.66
13.58,-15.13,148.67
13.58,-15.13,148.67
13.58,-15.13,148.67
13.58,-15.13,148.66
13.58,-15.13,148.66
13.58,-15.13,148.66
13.58,-15.13,148.66
13.58,-15.13,148.67
13.58,-15.13,148.66
13.58,-15.13,148.66
13.58,-15.13,148.66
13.58,-15.13,148.67
13.58,-15.13,148.66
13.58,-15.13,148.66
13.58,-15.13,148.67
13.58,-15.13,148.67
13.58,-15.13,148.66
13.58,-15.13,148.67
13.58,-15.13,148.67
13.58,-15.13,148.66
13.58,-15.13,148.67
13.58,-15.13,148.67
13.58,-15.13,148.66
13.58,-15.13,148.67