-47.00,16.30,90.00
-47.00,16.30,89.99
-46.77,16.30,89.68
-45.90,16.30,90.38
-44.99,16.29,90.64
-43.34,16.28,90.45
-42.12,16.27,90.22
-40.26,16.27,90.10
-39.08,16.26,90.10
-37.64,16.26,90.08
-36.89,16.26,89.93
-36.05,16.26,89.77
-35.82,16.27,87.11
-35.56,16.29,80.50
-35.56,16.29,72.81
-35.52,16.31,66.39
-35.59,16.27,64.66
-35.60,16.27,65.52
-35.63,16.25,66.19
-35.64,16.25,66.14
-35.64,16.25,66.04
-35.63,16.25,66.09
-35.15,16.47,66.18
-34.50,16.75,66.47
-33.15,17.32,67.45
-31.93,17.82,68.12
-29.82,18.67,67.81
-28.28,19.32,66.57
-25.88,20.39,65.12
-24.32,21.14,63.76
-22.20,22.21,62.81
-21.07,22.80,62.11
-19.89,23.42,61.88
-19.39,23.70,61.69
-19.23,23.78,61.61
-19.25,23.77,61.63
-19.37,23.70,61.81
-19.48,23.65,61.92
-19.62,23.57,61.88
-19.69,23.53,61.90
-19.77,23.49,61.92
-19.80,23.48,61.85
-19.80,23.47,61.86
-19.79,23.48,61.84
-19.77,23.49,61.85
-19.76,23.50,61.85
-19.77,23.49,61.56
-19.85,23.44,57.67
-20.00,23.34,50.03
-20.12,23.22,39.66
-20.26,23.00,27.28
-20.35,22.77,13.26
-20.38,22.44,-2.02
-20.32,22.09,-18.09
-20.10,21.65,-33.70
-19.83,21.32,-43.94
-19.47,20.97,-47.11
-19.29,20.80,-46.10
-19.16,20.67,-44.31
-19.12,20.64,-43.16
-19.09,20.60,-42.88
-19.09,20.60,-42.99
-19.10,20.61,-43.02
-18.78,20.27,-42.96
-18.10,19.53,-42.90
-17.52,18.91,-42.91
-16.31,17.61,-42.98
-15.41,16.64,-43.01
-14.07,15.21,-43.11
-13.22,14.30,-43.14
-12.18,13.19,-43.09
-11.70,12.68,-42.95
-11.23,12.18,-42.93
-11.12,12.05,-42.71
-11.17,12.11,-42.61
-11.29,12.24,-42.66
-11.50,12.47,-42.74
-11.64,12.62,-42.72
-11.84,12.84,-42.67
-11.91,12.92,-42.55
-11.95,12.95,-42.56
-11.94,12.95,-42.60
-11.93,12.93,-42.64
-11.92,12.92,-42.63
-11.91,12.91,-42.64
-11.91,12.91,-42.66
-11.91,12.91,-42.65
-11.91,12.91,-42.66
-11.91,12.91,-42.65
-11.91,12.91,-42.66
-11.91,12.91,-42.67
-11.91,12.91,-42.66
-11.92,12.92,-42.65
-11.92,12.92,-42.67
-11.91,12.92,-42.67
-11.91,12.92,-42.68
-11.91,12.91,-42.69
-11.91,12.91,-42.67
-11.91,12.91,-42.68
-11.91,12.91,-42.69
-11.91,12.91,-42.69
-11.91,12.91,-42.69
-11.91,12.91,-42.70
-11.92,12.92,-42.71
-11.93,12.93,-42.80
-11.94,12.94,-42.54
-12.03,13.05,-40.87
-12.47,13.57,-39.54
-12.98,14.20,-38.88
-13.99,15.46,-38.64
-14.86,16.55,-38.54
-16.40,18.49,-38.42
-17.51,19.89,-37.95
-19.19,22.06,-37.73
-20.46,23.70,-38.03
-22.46,26.23,-38.62
-23.72,27.80,-39.39
-25.92,30.39,-41.36
-27.18,31.76,-44.09
-29.07,33.62,-46.68
-30.38,34.81,-48.81
-32.64,36.73,-50.57
-34.29,38.05,-51.61
-36.77,40.01,-52.02
-38.53,41.37,-52.79
-41.14,43.28,-54.78
-42.50,44.18,-58.62
-44.32,45.19,-64.27
-45.37,45.63,-69.17
-46.88,46.16,-71.65
-47.79,46.45,-72.50
-48.75,46.73,-76.65
-49.15,46.80,-83.98
-49.84,46.83,-90.33
-50.21,46.81,-95.21
-50.73,46.75,-99.54
-51.03,46.69,-103.15
-51.44,46.58,-106.23
-51.63,46.52,-108.58
-51.88,46.43,-110.51
-51.96,46.40,-111.86
-52.07,46.35,-112.71
-52.09,46.35,-112.97
-52.09,46.35,-112.82
-52.09,46.35,-112.67
-52.07,46.36,-112.64
-52.06,46.36,-112.67
-52.06,46.36,-112.66
-52.06,46.36,-112.66
-52.06,46.36,-112.64
-52.06,46.36,-112.65
-52.06,46.36,-112.65
-52.06,46.36,-112.64
-52.06,46.36,-112.65
-52.06,46.36,-112.66
-52.06,46.36,-112.65
-52.06,46.36,-112.66
-52.06,46.36,-112.65
-52.06,46.36,-112.66
-52.06,46.36,-112.65
-52.06,46.36,-112.64
-52.06,46.36,-112.65
-52.06,46.36,-112.65
-52.06,46.36,-112.65
-52.06,46.36,-112.64
-52.06,46.36,-112.65
-52.06,46.36,-112.65
-52.06,46.36,-112.64
-52.05,46.36,-112.63
-52.05,46.36,-112.63
-52.05,46.36,-112.63
-52.05,46.36,-112.63
-52.05,46.36,-112.63
-52.05,46.36,-112.62
-52.05,46.36,-112.62
-52.05,46.36,-112.63
-52.05,46.36,-112.63
-52.05,46.36,-112.62
-52.05,46.36,-112.62
-52.05,46.36,-112.63
-52.05,46.36,-112.63
-52.05,46.36,-112.62
-52.05,46.36,-112.62
-52.05,46.36,-112.62
-52.05,46.36,-112.63
-52.05,46.36,-112.62
-52.05,46.36,-112.63
-52.05,46.36,-112.63
-52.05,46.36,-112.63
-52.05,46.36,-112.64
-52.05,46.36,-112.63
-52.05,46.36,-112.62
-52.05,46.36,-112.63
-52.05,46.36,-112.63
-52.05,46.36,-112.63
-52.05,46.36,-112.62
-52.05,46.36,-112.63
-52.05,46.36,-112.63
-52.05,46.36,-112.63
-52.05,46.36,-112.63
-52.05,46.36,-112.62
-52.05,46.36,-112.63
-52.05,46.36,-112.63
-52.05,46.36,-112.63
-52.05,46.36,-112.63
-52.05,46.36,-112.63
-52.05,46.36,-112.64
-52.05,46.36,-112.63
-52.05,46.36,-112.63
-52.05,46.36,-112.63
-52.05,46.36,-112.62
-52.05,46.36,-112.63
-52.05,46.36,-112.62
-52.05,46.36,-112.62
-52.05,46.36,-112.63
-52.05,46.36,-112.63
-52.05,46.36,-112.63
-52.05,46.36,-112.62
-52.05,46.36,-112.63
-52.05,46.36,-112.63