-47.00,16.30,90.00
-47.00,16.30,89.95
-46.58,16.30,89.52
-46.10,16.31,89.55
-44.98,16.32,88.86
-44.03,16.34,88.78
-42.44,16.38,88.83
-41.37,16.40,88.79
-39.73,16.43,88.76
-38.76,16.45,88.79
-37.52,16.48,88.85
-36.84,16.49,88.91
-36.18,16.51,86.91
-35.86,16.54,81.88
-35.47,16.62,75.04
-35.25,16.69,68.07
-35.13,16.74,63.34
-35.12,16.75,62.09
-35.11,16.75,62.94
-35.17,16.73,63.52
-35.18,16.72,63.56
-35.20,16.71,63.37
-35.15,16.73,63.31
-34.67,16.98,63.05
-34.13,17.25,62.86
-33.01,17.83,62.67
-31.99,18.36,62.01
-30.30,19.27,61.41
-29.05,19.96,61.11
-27.06,21.06,61.28
-25.69,21.80,61.95
-23.69,22.84,62.78
-22.48,23.46,63.41
-20.91,24.24,63.99
-20.11,24.62,64.63
-19.24,25.03,65.30
-18.99,25.14,65.83
-18.94,25.16,66.09
-19.01,25.13,66.15
-19.20,25.05,66.19
-19.30,25.00,66.16
-19.42,24.95,66.17
-19.46,24.94,66.15
-19.47,24.93,66.18
-19.46,24.93,66.14
-19.43,24.95,66.11
-19.40,24.96,66.11
-19.40,24.96,65.93
-19.38,24.97,63.22
-19.36,24.98,57.95
-19.34,24.99,50.34
-19.34,25.00,40.94
-19.35,24.99,30.00
-19.36,24.96,17.80
-19.37,24.91,4.70
-19.36,24.81,-9.18
-19.34,24.73,-23.39
-19.24,24.57,-36.41
-19.07,24.37,-44.46
-18.81,24.12,-47.16
-18.66,23.99,-46.80
-18.55,23.88,-45.35
-18.53,23.85,-44.13
-18.44,23.76,-43.11
-18.22,23.51,-40.36
-17.83,23.02,-35.98
-17.50,22.52,-30.98
-16.88,21.38,-26.27
-16.45,20.43,-23.00
-15.83,18.90,-21.47
-15.38,17.73,-21.19
-14.69,16.00,-21.99
-14.21,14.84,-23.05
-13.49,13.16,-23.74
-13.03,12.14,-24.52
-12.51,11.04,-26.58
-12.38,10.80,-31.06
-12.36,10.76,-35.68
-12.40,10.81,-39.37
-12.47,10.89,-42.60
-12.51,10.94,-45.24
-12.56,10.99,-46.74
-12.58,11.01,-47.04
-12.61,11.04,-46.75
-12.62,11.04,-46.67
-12.65,11.07,-46.95
-12.69,11.11,-46.94
-12.77,11.18,-46.89
-12.84,11.25,-46.89
-12.97,11.37,-46.96
-13.01,11.41,-46.86
-13.02,11.42,-46.88
-13.02,11.42,-46.85
-13.02,11.42,-46.80
-13.02,11.42,-46.86
-13.01,11.41,-46.88
-13.00,11.40,-46.87
-13.00,11.40,-46.89
-13.00,11.40,-46.88
-13.00,11.40,-46.90
-13.00,11.40,-46.90
-13.14,11.53,-46.96
-13.64,12.00,-46.92
-14.14,12.47,-46.95
-15.14,13.40,-46.91
-15.87,14.09,-46.80
-17.09,15.24,-46.57
-17.94,16.04,-46.34
-19.33,17.37,-46.25
-20.31,18.31,-46.13
-21.77,19.72,-46.01
-22.79,20.71,-45.84
-24.37,22.24,-45.66
-25.43,23.29,-45.55
-27.03,24.86,-45.52
-28.14,25.94,-45.47
-29.76,27.54,-45.42
-30.84,28.60,-45.38
-32.50,30.24,-45.34
-33.66,31.39,-45.32
-35.31,33.02,-45.20
-36.41,34.12,-45.12
-38.14,35.84,-44.99
-39.28,36.99,-44.80
-40.95,38.68,-44.59
-42.07,39.82,-44.44
-43.75,41.53,-44.30
-44.84,42.65,-44.15
-46.44,44.30,-44.00
-47.35,45.25,-43.77
-48.39,46.34,-43.40
-48.86,46.85,-42.91
-49.26,47.28,-42.29
-49.38,47.41,-43.13
-49.52,47.55,-47.23
-49.60,47.62,-55.01
-49.81,47.74,-65.51
-49.89,47.76,-76.68
-49.97,47.78,-86.56
-49.93,47.78,-91.78
-49.89,47.78,-92.33
-49.88,47.78,-91.50
-49.87,47.78,-91.09
-49.87,47.78,-91.19
-49.87,47.78,-91.28
-49.88,47.78,-91.23
-49.86,47.78,-91.50
-49.92,47.78,-91.23
-50.44,47.77,-91.62
-50.97,47.75,-92.01
-52.11,47.71,-92.31
-52.94,47.67,-92.55
-54.31,47.61,-92.91
-55.23,47.56,-93.21
-55.78,47.52,-96.21
-55.78,47.52,-98.83
-55.81,47.52,-99.55
-55.94,47.49,-99.62
-56.08,47.47,-99.72
-56.17,47.45,-99.99
-56.20,47.45,-100.17
-56.24,47.44,-100.27
-56.25,47.44,-100.30
-56.25,47.44,-100.31
-56.25,47.44,-100.35
-56.27,47.44,-100.41
-56.29,47.43,-100.44
-56.31,47.43,-100.47
-56.32,47.43,-100.57
-56.34,47.42,-100.62
-56.34,47.42,-100.66
-56.37,47.42,-100.70
-56.18,47.45,-100.33
-55.55,47.56,-99.64
-54.91,47.67,-99.07
-53.68,47.86,-98.32
-52.82,47.98,-97.85
-51.48,48.16,-97.52
-50.72,48.26,-96.89
-49.89,48.34,-94.15
-49.56,48.36,-91.97
-49.20,48.36,-90.76
-49.08,49.61,-90.68
-49.00,49.61,-89.76
-48.86,49.60,-86.43
-48.67,49.58,-80.01
-48.47,49.53,-69.97
-48.17,49.38,-56.74
-48.03,49.26,-40.44
-47.91,49.08,-23.28
-47.88,48.99,-7.26
-47.88,48.99,2.64
-47.89,48.92,5.53
-47.89,48.91,4.18
-47.89,48.91,2.98
-47.88,49.07,2.36
-47.87,49.44,2.03
-47.84,50.28,1.63
-47.82,51.05,1.22
-47.80,52.22,0.87
-47.79,53.01,0.57
-47.78,54.14,0.47
-47.78,54.85,0.51
-47.77,55.64,0.65
-47.76,56.07,1.37
-47.73,56.72,3.82
-47.68,57.24,8.24
-47.49,58.20,14.55
-47.25,58.91,22.45
-46.68,60.02,31.76
-46.16,60.71,41.69
-45.76,61.09,51.11
-45.34,61.39,59.72
-44.78,61.65,68.17
-44.31,61.81,75.53
-43.57,61.96,81.96
-43.17,61.99,86.83
-42.79,62.01,89.52
-42.69,62.01,90.29
-42.68,62.01,90.04
-42.68,62.01,89.88
-42.70,62.01,89.66
-42.70,62.01,89.46
-42.70,62.01,89.48
-42.70,62.01,89.45
-42.70,62.01,89.37
-42.44,62.01,88.88
-41.69,62.03,88.60
-40.87,62.05,88.38
-39.22,62.10,88.27
-37.22,62.16,87.81
-35.70,62.23,87.27
-33.36,62.35,86.88
-31.65,62.45,86.48
-28.95,62.62,86.61
-27.12,62.71,87.27
-24.12,62.83,88.34
-22.09,62.87,89.36
-18.80,62.88,90.51
-16.59,62.83,91.58
-12.97,62.70,92.51
-10.51,62.58,93.34
-6.67,62.33,94.12
-4.05,62.12,94.74
-0.07,61.77,95.27
2.62,61.52,95.47
6.85,61.11,95.50
9.67,60.85,95.28
13.79,60.47,95.05
16.77,60.22,94.74
20.99,59.88,94.40
23.75,59.67,94.19
28.08,59.37,93.94
30.90,59.17,94.11
35.24,58.84,94.56
38.09,58.60,95.39
41.46,58.23,97.22
43.43,57.95,99.04
46.15,57.48,100.44
47.79,57.16,101.77
49.58,56.77,103.03
50.67,56.51,103.12
51.91,56.25,100.23
52.40,56.18,95.07
52.88,56.16,90.16
52.99,54.48,88.28
53.08,54.48,88.57
53.04,54.48,88.95
52.48,54.47,88.02
52.11,54.45,86.31
51.20,54.38,84.45
50.48,54.29,81.73
49.20,54.06,77.83
48.12,53.79,73.35
46.40,53.20,69.34
45.21,52.71,65.64
43.41,51.82,62.24
42.28,51.20,59.76
40.70,50.24,58.26
39.83,49.70,57.38
38.82,49.04,56.84
38.42,48.78,56.57
37.95,48.48,59.21
37.69,48.35,64.40
37.23,48.16,71.35
36.90,48.07,77.96
36.34,47.98,83.12
35.87,47.94,85.96
34.97,47.88,87.23
34.31,47.85,87.01
33.28,47.79,85.78
32.64,47.73,84.48
31.80,47.66,85.48
31.35,47.63,88.84
30.92,47.63,90.74
30.71,47.63,89.16
29.90,47.61,88.22
29.24,47.59,88.06
27.89,47.54,87.41
27.63,47.53,85.78
27.67,47.53,87.48
27.68,47.53,87.60
27.70,47.54,87.51
27.67,47.53,87.88
27.68,47.53,87.81
27.69,47.54,87.89
27.69,47.54,87.85
27.69,47.54,87.97
27.69,47.54,87.92
27.69,47.54,87.96
27.69,47.54,87.95
27.69,47.54,87.94
27.69,47.54,87.93
27.69,47.54,87.91
27.69,47.54,87.91
27.69,47.54,87.89
27.69,47.54,87.88
27.69,47.54,87.88
27.69,47.54,87.88
27.69,47.54,87.89
27.69,47.54,87.88
27.69,47.54,87.86
27.69,47.54,87.86
27.69,47.54,87.86
27.69,47.54,87.84
27.69,47.54,87.84
27.69,47.54,87.85
27.69,47.54,87.86
27.69,47.54,87.86
27.69,47.54,87.86
27.69,47.54,87.86
27.69,47.54,87.85
27.69,47.54,87.84
27.69,47.54,87.84
27.69,47.54,87.84
27.69,47.54,87.84
27.69,47.54,87.84
27.69,47.54,87.85
27.69,47.54,87.86
27.69,47.54,87.86
27.69,47.54,87.85
27.69,47.54,87.85
27.69,47.54,87.83
28.03,46.80,89.99
28.03,46.80,89.99
28.15,46.80,89.86
28.52,46.80,89.61
29.39,46.81,89.61
30.23,46.82,89.27
31.74,46.84,89.07
32.93,46.86,88.89
35.07,46.90,88.72
36.54,46.94,88.54
38.92,47.00,88.61
40.67,47.03,89.13
43.24,47.05,90.05
44.92,47.04,90.95
47.35,46.99,91.52
48.82,46.94,91.96
50.95,46.86,92.25
52.29,46.81,92.41
53.96,46.73,92.99
54.76,46.67,96.19
55.90,46.52,98.56
56.11,46.49,96.42
55.95,46.51,95.43
55.92,46.51,96.11
55.92,46.51,96.10
55.91,46.51,96.07
55.91,46.51,96.10
55.90,46.51,96.12
55.90,46.51,96.08
55.90,46.51,96.07
55.90,46.51,96.08
55.89,46.51,96.16
55.90,46.51,96.10
55.90,46.51,96.14
55.88,46.51,96.19
55.89,46.51,96.13
55.90,46.51,96.04
55.90,46.51,96.03
55.90,46.51,96.03
55.90,46.51,96.03
55.90,46.51,96.03
55.90,46.51,96.03
55.90,46.51,96.03
55.90,46.51,96.01
55.90,46.51,96.01
55.90,46.51,96.02
55.90,46.51,96.01
55.90,46.51,96.01
55.90,46.51,96.01
55.90,46.51,95.99
55.90,46.51,96.00
55.90,46.51,96.00
55.90,46.51,96.00
55.90,46.51,96.00
55.90,46.51,96.01
55.90,46.51,96.01
55.89,46.51,96.00
55.38,46.57,96.58
54.90,46.63,97.24
53.92,46.75,97.32
53.09,46.86,97.26
51.71,47.03,96.55
50.65,47.14,95.61
48.91,47.29,94.50
47.65,47.38,93.44
45.67,47.48,92.53
44.25,47.54,91.68
42.17,47.58,90.86
40.66,47.60,90.18
38.35,47.59,89.77
36.87,47.58,89.22
34.47,47.54,88.87
32.87,47.51,88.73
30.46,47.45,88.78
28.88,47.42,89.03
27.29,47.39,88.19
27.65,47.39,90.57
27.81,47.39,92.25
27.78,47.39,92.87
27.77,47.39,93.01
27.67,47.40,92.06
27.66,47.40,92.40
27.60,47.40,92.46
27.61,47.40,92.31
27.62,47.40,92.31
27.62,47.40,92.32
27.62,47.40,92.31
27.62,47.40,92.30
27.62,47.40,92.28
27.62,47.40,92.28
27.62,47.40,92.24
27.62,47.40,92.22
27.62,47.40,92.20
27.62,47.40,92.20
27.62,47.40,92.20
27.62,47.40,92.18
27.62,47.40,92.19
27.62,47.40,92.19
27.62,47.40,92.18
27.62,47.40,92.17
27.62,47.40,92.16
27.62,47.40,92.16
27.62,47.40,92.16
27.62,47.40,92.15
27.62,47.40,92.14
27.62,47.40,92.15
27.62,47.40,92.15
28.00,46.80,90.00
28.02,46.80,89.99
28.11,46.80,89.90
28.14,46.80,89.81
28.15,46.80,89.82
28.16,46.80,89.82
28.16,46.80,89.80
28.16,46.80,89.81
28.16,46.80,89.81
28.16,46.80,89.80
28.16,46.80,89.80
28.16,46.80,89.80
28.16,46.80,89.80
28.16,46.80,89.80
28.16,46.80,89.79
28.16,46.80,89.80
28.16,46.80,89.78
28.16,46.80,89.79
28.16,46.80,89.79
28.16,46.80,89.78
28.16,46.80,89.78
28.16,46.80,89.78
28.16,46.80,89.78
28.16,46.80,89.77
28.16,46.80,89.77
28.16,46.80,89.77
28.16,46.80,89.76
28.16,46.80,89.76
28.16,46.80,89.76
28.16,46.80,89.76
28.16,46.80,89.75
28.16,46.80,89.76
28.16,46.80,89.75
28.16,46.80,89.74
28.16,46.80,89.75